      #wys\psi      +0.00000      +0.00001      +0.00001      +1.00000      +2.00000      +3.00000      +5.00000     +10.00000     +90.00000    +180.00000
         0.001        88.580        53.596        27.423        -0.001        -0.009        -0.488         0.018         0.012         0.011         0.011
         0.003        96.054        82.283        65.918        -0.004        -0.024        -1.375         0.050         0.035         0.032         0.032
         0.005        97.619        89.206        78.638        -0.007        -0.040        -2.262         0.082         0.057         0.052         0.052
         0.007        98.297        92.256        84.544        -0.009        -0.056        -3.149         0.114         0.080         0.072         0.072
         0.009        98.675        93.968        87.917        -0.012        -0.072        -4.035         0.147         0.102         0.093         0.093
         0.011        98.916        95.063        90.092        -0.014        -0.088        -4.920         0.179         0.124         0.113         0.113
         0.013        99.083        95.823        91.609        -0.017        -0.103        -5.806         0.211         0.147         0.133         0.133
         0.015        99.206        96.382        92.726        -0.019        -0.119        -6.691         0.243         0.169         0.154         0.154
         0.017        99.300        96.809        93.583        -0.022        -0.135        -7.575         0.275         0.191         0.174         0.174
         0.019        99.374        97.147        94.260        -0.024        -0.150        -8.460         0.308         0.214         0.194         0.194
         0.021        99.434        97.421        94.810        -0.027        -0.166        -9.343         0.340         0.236         0.215         0.214
         0.023        99.484        97.647        95.264        -0.030        -0.182       -10.227         0.372         0.259         0.235         0.235
         0.025        99.525        97.837        95.646        -0.032        -0.197       -11.110         0.404         0.281         0.255         0.255
         0.027        99.561        97.999        95.972        -0.035        -0.213       -11.993         0.436         0.303         0.276         0.275
         0.029        99.592        98.139        96.253        -0.037        -0.229       -12.875         0.468         0.326         0.296         0.296
         0.031        99.618        98.260        96.497        -0.040        -0.244       -13.757         0.500         0.348         0.316         0.316
         0.033        99.642        98.367        96.712        -0.042        -0.260       -14.639         0.533         0.370         0.336         0.336
         0.035        99.663        98.462        96.903        -0.045        -0.276       -15.520         0.565         0.393         0.357         0.356
         0.037        99.681        98.546        97.073        -0.047        -0.291       -16.401         0.597         0.415         0.377         0.377
         0.039        99.698        98.622        97.225        -0.050        -0.307       -17.281         0.629         0.437         0.397         0.397
         0.041        99.713        98.691        97.363        -0.052        -0.322       -18.161         0.661         0.460         0.418         0.417
         0.043        99.726        98.753        97.488        -0.054        -0.338       -19.041         0.693         0.482         0.438         0.438
         0.045        99.739        98.809        97.602        -0.057        -0.354       -19.921         0.725         0.504         0.458         0.458
         0.047        99.750        98.861        97.706        -0.059        -0.369       -20.800         0.757         0.526         0.478         0.478
         0.049        99.761        98.908        97.801        -0.062        -0.385       -21.678         0.789         0.549         0.499         0.498
         0.051        99.770        98.952        97.889        -0.064        -0.400       -22.556         0.821         0.571         0.519         0.519
         0.053        99.779        98.992        97.971        -0.067        -0.416       -23.434         0.853         0.593         0.539         0.539
         0.055        99.787        99.030        98.046        -0.069        -0.431       -24.312         0.885         0.616         0.559         0.559
         0.057        99.795        99.065        98.117        -0.072        -0.447       -25.189         0.917         0.638         0.580         0.579
         0.059        99.802        99.097        98.182        -0.074        -0.462       -26.066         0.949         0.660         0.600         0.600
         0.061        99.809        99.128        98.243        -0.076        -0.478       -26.942         0.981         0.682         0.620         0.620
         0.063        99.815        99.156        98.300        -0.079        -0.493       -27.818         1.013         0.705         0.640         0.640
         0.065        99.821        99.183        98.354        -0.081        -0.509       -28.694         1.045         0.727         0.661         0.660
         0.067        99.826        99.208        98.405        -0.084        -0.524       -29.569         1.077         0.749         0.681         0.680
         0.069        99.831        99.232        98.452        -0.086        -0.539       -30.444         1.109         0.771         0.701         0.701
         0.071        99.836        99.254        98.497        -0.088        -0.555       -31.319         1.141         0.794         0.721         0.721
         0.073        99.841        99.275        98.539        -0.091        -0.570       -32.193         1.173         0.816         0.742         0.741
         0.075        99.845        99.295        98.580        -0.093        -0.586       -33.067         1.205         0.838         0.762         0.761
         0.077        99.849        99.314        98.618        -0.095        -0.601       -33.940         1.237         0.860         0.782         0.781
         0.079        99.853        99.332        98.654        -0.098        -0.616       -34.813         1.269         0.883         0.802         0.802
         0.081        99.857        99.349        98.688        -0.100        -0.632       -35.686         1.301         0.905         0.822         0.822
         0.083        99.861        99.365        98.721        -0.103        -0.647       -36.558         1.333         0.927         0.843         0.842
         0.085        99.864        99.380        98.752        -0.105        -0.662       -37.430         1.364         0.949         0.863         0.862
         0.087        99.867        99.395        98.782        -0.107        -0.678       -38.302         1.396         0.971         0.883         0.882
         0.089        99.870        99.409        98.810        -0.110        -0.693       -39.173         1.428         0.994         0.903         0.903
         0.091        99.873        99.423        98.837        -0.112        -0.708       -40.044         1.460         1.016         0.923         0.923
         0.093        99.876        99.436        98.863        -0.114        -0.724       -40.914         1.492         1.038         0.944         0.943
         0.095        99.879        99.448        98.888        -0.117        -0.739       -41.784         1.524         1.060         0.964         0.963
         0.097        99.881        99.460        98.912        -0.119        -0.754       -42.654         1.556         1.082         0.984         0.983
         0.099        99.884        99.471        98.935        -0.121        -0.769       -43.524         1.587         1.105         1.004         1.003
         0.101        99.886        99.482        98.957        -0.123        -0.785       -44.393         1.619         1.127         1.024         1.024
         0.151        99.925        99.660        99.315        -0.179        -1.162       -65.998         2.412         1.680         1.527         1.526
         0.201        99.945        99.749        99.495        -0.231        -1.533       -87.375         3.199         2.229         2.028         2.026
         0.251        99.957        99.803        99.602        -0.280        -1.897      -108.525         3.981         2.776         2.526         2.524
         0.301        99.964        99.838        99.674        -0.325        -2.255      -129.450         4.757         3.320         3.021         3.019
         0.351        99.970        99.863        99.725        -0.366        -2.605      -150.151         5.528         3.862         3.515         3.512
         0.401        99.974        99.882        99.763        -0.405        -2.949      -170.631         6.294         4.400         4.006         4.003
         0.451        99.977        99.897        99.792        -0.439        -3.287      -190.890         7.054         4.935         4.494         4.491
         0.501        99.980        99.908        99.816        -0.471        -3.618      -210.931         7.809         5.468         4.981         4.977
         0.551        99.982        99.918        99.835        -0.499        -3.943      -230.754         8.559         5.998         5.465         5.461
         0.601        99.984        99.926        99.851        -0.524        -4.261      -250.363         9.304         6.525         5.946         5.942
         0.651        99.985        99.932        99.864        -0.545        -4.573      -269.758        10.044         7.049         6.425         6.421
         0.701        99.986        99.938        99.875        -0.564        -4.878      -288.941        10.778         7.570         6.903         6.898
         0.751        99.987        99.943        99.885        -0.579        -5.178      -307.914        11.508         8.089         7.377         7.372
         0.801        99.988        99.947        99.894        -0.591        -5.471      -326.677        12.233         8.605         7.850         7.844
         0.851        99.989        99.951        99.901        -0.599        -5.758      -345.234        12.952         9.118         8.320         8.314
         0.901        99.990        99.954        99.908        -0.605        -6.039      -363.585        13.667         9.629         8.788         8.782
         0.951        99.991        99.957        99.914        -0.608        -6.314      -381.732        14.376        10.136         9.254         9.247
         1.001        99.991        99.960        99.919        -0.607        -6.584      -399.677        15.081        10.641         9.717         9.711
         2.001        99.996        99.984        99.968         0.000       -10.791      -718.342        28.194        20.201        18.537        18.525
         3.001        99.998        99.991        99.982         1.605       -13.010      -967.992        39.593        28.803        26.556        26.541
         4.001        99.999        99.994        99.989         4.020       -13.568     -1158.637        49.486        36.546        33.852        33.833
         5.001        99.999        99.996        99.993         7.086       -12.745     -1298.982        58.059        43.520        40.493        40.471
         6.001        99.999        99.997        99.995        10.667       -10.786     -1396.583        65.472        49.805        46.541        46.519
         7.001       100.000        99.998        99.996        14.647        -7.898     -1457.993        71.869        55.471        52.055        52.031
         8.001       100.000        99.999        99.997        18.926        -4.259     -1488.884        77.375        60.582        57.083        57.059
         9.001       100.000        99.999        99.998        23.422        -0.021     -1494.159        82.101        65.196        61.673        61.648
        10.001       100.000        99.999        99.998        28.065         4.685     -1478.050        86.144        69.363        65.866        65.841
        11.001       100.000        99.999        99.999        32.794         9.747     -1444.220        89.589        73.128        69.697        69.673
        12.001       100.000       100.000        99.999        37.490        14.995     -1396.543        92.469        76.484        73.151        73.127
        13.001       100.000       100.000        99.999        42.046        20.267     -1338.898        94.827        79.430        76.219        76.197
        14.001       100.000       100.000        99.999        46.430        25.487     -1274.146        96.744        82.016        78.944        78.922
        15.001       100.000       100.000       100.000        50.619        30.599     -1204.612        98.287        84.285        81.363        81.343
        16.001       100.000       100.000       100.000        54.600        35.563     -1132.190        99.518        86.276        83.512        83.493
        17.001       100.000       100.000       100.000        58.364        40.345     -1058.409       100.487        88.022        85.420        85.402
        18.001       100.000       100.000       100.000        61.907        44.923      -984.491       101.236        89.553        87.114        87.097
        19.001       100.000       100.000       100.000        65.229        49.283      -911.402       101.803        90.896        88.618        88.602
        20.001       100.000       100.000       100.000        68.334        53.414      -839.892       102.220        92.074        89.954        89.939
        21.001       100.000       100.000       100.000        71.219        57.303      -770.713       102.512        93.103        91.138        91.124
        22.001       100.000       100.000       100.000        73.888        60.944      -704.364       102.702        94.002        92.184        92.171
        23.001       100.000       100.000       100.000        76.350        64.342      -641.150       102.810        94.787        93.109        93.097
        24.001       100.000       100.000       100.000        78.616        67.502      -581.249       102.852        95.471        93.927        93.916
        25.001       100.000       100.000       100.000        80.695        70.434      -524.749       102.842        96.067        94.650        94.640
        26.001       100.000       100.000       100.000        82.601        73.148      -471.672       102.792        96.587        95.289        95.280
        27.001       100.000       100.000       100.000        84.344        75.654      -421.987       102.711        97.041        95.854        95.846
        28.001       100.000       100.000       100.000        85.935        77.963      -375.626       102.607        97.436        96.353        96.346
        29.001       100.000       100.000       100.000        87.386        80.088      -332.489       102.486        97.780        96.795        96.788
        30.001       100.000       100.000       100.000        88.706        82.039      -292.454       102.354        98.080        97.185        97.179
        31.001       100.000       100.000       100.000        89.906        83.828      -255.383       102.215        98.342        97.530        97.525
        32.001       100.000       100.000       100.000        90.996        85.467      -221.113       102.072        98.570        97.835        97.830
        33.001       100.000       100.000       100.000        91.979        86.959      -189.661       101.929        98.767        98.104        98.099
        34.001       100.000       100.000       100.000        92.864        88.312      -160.901       101.788        98.938        98.340        98.336
        35.001       100.000       100.000       100.000        93.658        89.538      -134.660       101.651        99.085        98.547        98.543
        36.001       100.000       100.000       100.000        94.371        90.647      -110.755       101.519        99.213        98.729        98.725
        37.001       100.000       100.000       100.000        95.009        91.648       -89.006       101.392        99.323        98.888        98.885
        38.001       100.000       100.000       100.000        95.581        92.553       -69.244       101.273        99.418        99.028        99.026
        39.001       100.000       100.000       100.000        96.092        93.369       -51.306       101.159        99.500        99.151        99.149
        40.001       100.000       100.000       100.000        96.550        94.105       -35.041       101.053        99.571        99.259        99.257
        41.001       100.000       100.000       100.000        96.958        94.767       -20.307       100.953        99.632        99.354        99.352
        42.001       100.000       100.000       100.000        97.323        95.364        -6.971       100.861        99.685        99.438        99.436
        43.001       100.000       100.000       100.000        97.649        95.901         5.088       100.774        99.731        99.511        99.509
        44.001       100.000       100.000       100.000        97.939        96.383        15.985       100.695        99.770        99.575        99.574
        45.001       100.000       100.000       100.000        98.198        96.817        25.823       100.621        99.804        99.632        99.631
        46.001       100.000       100.000       100.000        98.428        97.206        34.702       100.553        99.833        99.681        99.680
        47.001       100.000       100.000       100.000        98.633        97.556        42.714       100.490        99.858        99.725        99.724
        48.001       100.000       100.000       100.000        98.817        97.871        49.958       100.432        99.880        99.764        99.763
        49.001       100.000       100.000       100.000        98.981        98.156        56.530       100.379        99.899        99.798        99.797
        50.001       100.000       100.000       100.000        99.128        98.413        62.503       100.330        99.915        99.828        99.827
        51.001       100.000       100.000       100.000        99.260        98.646        67.929       100.284        99.930        99.855        99.854
        52.001       100.000       100.000       100.000        99.379        98.858        72.871       100.242        99.942        99.879        99.878
        53.001       100.000       100.000       100.000        99.487        99.050        77.395       100.203        99.953        99.900        99.900
        54.001       100.000       100.000       100.000        99.584        99.226        81.539       100.167        99.963        99.920        99.919
        55.001       100.000       100.000       100.000        99.672        99.387        85.335       100.134        99.971        99.937        99.937
        56.001       100.000       100.000       100.000        99.751        99.533        88.811       100.103        99.979        99.952        99.952
        57.001       100.000       100.000       100.000        99.823        99.666        91.993       100.074        99.985        99.966        99.966
        58.001       100.000       100.000       100.000        99.888        99.788        94.904       100.047        99.991        99.979        99.979
        59.001       100.000       100.000       100.000        99.947        99.899        97.567       100.023        99.996        99.990        99.990
        60.001       100.000       100.000       100.000       100.000       100.000       100.002       100.000       100.000       100.000       100.000
