        #psi         z0.         z1.        z10.       z100.      z1000.     z10000.        z-1.       z-10.      z-100.     z-1000.    z-10000.
    1.00E-06    5.24E+00    5.24E+00    5.24E+00    5.24E+00    5.24E+00    5.24E+00    5.24E+00    5.24E+00    5.24E+00    5.24E+00    5.24E+00
    1.04E-06    5.24E+00    5.24E+00    5.24E+00    5.24E+00    5.24E+00    5.24E+00    5.24E+00    5.24E+00    5.24E+00    5.24E+00    5.24E+00
    1.09E-06    5.24E+00    5.24E+00    5.24E+00    5.24E+00    5.24E+00    5.24E+00    5.24E+00    5.24E+00    5.24E+00    5.24E+00    5.24E+00
    1.14E-06    5.24E+00    5.24E+00    5.24E+00    5.24E+00    5.24E+00    5.24E+00    5.24E+00    5.24E+00    5.24E+00    5.24E+00    5.24E+00
    1.18E-06    5.24E+00    5.24E+00    5.24E+00    5.24E+00    5.24E+00    5.24E+00    5.24E+00    5.24E+00    5.24E+00    5.24E+00    5.24E+00
    1.24E-06    5.24E+00    5.24E+00    5.24E+00    5.24E+00    5.24E+00    5.24E+00    5.24E+00    5.24E+00    5.24E+00    5.24E+00    5.24E+00
    1.29E-06    5.24E+00    5.24E+00    5.24E+00    5.24E+00    5.24E+00    5.24E+00    5.24E+00    5.24E+00    5.24E+00    5.24E+00    5.24E+00
    1.34E-06    5.24E+00    5.24E+00    5.24E+00    5.24E+00    5.24E+00    5.24E+00    5.24E+00    5.24E+00    5.24E+00    5.24E+00    5.24E+00
    1.40E-06    5.24E+00    5.24E+00    5.24E+00    5.24E+00    5.24E+00    5.24E+00    5.24E+00    5.24E+00    5.24E+00    5.24E+00    5.24E+00
    1.46E-06    5.24E+00    5.24E+00    5.24E+00    5.24E+00    5.24E+00    5.24E+00    5.24E+00    5.24E+00    5.24E+00    5.24E+00    5.24E+00
    1.53E-06    5.24E+00    5.24E+00    5.24E+00    5.24E+00    5.24E+00    5.24E+00    5.24E+00    5.24E+00    5.24E+00    5.24E+00    5.24E+00
    1.59E-06    5.24E+00    5.24E+00    5.24E+00    5.24E+00    5.24E+00    5.24E+00    5.24E+00    5.24E+00    5.24E+00    5.24E+00    5.24E+00
    1.66E-06    5.24E+00    5.24E+00    5.24E+00    5.24E+00    5.24E+00    5.24E+00    5.24E+00    5.24E+00    5.24E+00    5.24E+00    5.24E+00
    1.73E-06    5.24E+00    5.24E+00    5.24E+00    5.24E+00    5.24E+00    5.24E+00    5.24E+00    5.24E+00    5.24E+00    5.24E+00    5.24E+00
    1.81E-06    5.24E+00    5.24E+00    5.24E+00    5.24E+00    5.24E+00    5.24E+00    5.24E+00    5.24E+00    5.24E+00    5.24E+00    5.24E+00
    1.89E-06    5.24E+00    5.24E+00    5.24E+00    5.24E+00    5.24E+00    5.24E+00    5.24E+00    5.24E+00    5.24E+00    5.24E+00    5.24E+00
    1.97E-06    5.24E+00    5.24E+00    5.24E+00    5.24E+00    5.24E+00    5.24E+00    5.24E+00    5.24E+00    5.24E+00    5.24E+00    5.24E+00
    2.05E-06    5.24E+00    5.24E+00    5.24E+00    5.24E+00    5.24E+00    5.24E+00    5.24E+00    5.24E+00    5.24E+00    5.24E+00    5.24E+00
    2.14E-06    5.24E+00    5.24E+00    5.24E+00    5.24E+00    5.24E+00    5.24E+00    5.24E+00    5.24E+00    5.24E+00    5.24E+00    5.24E+00
    2.24E-06    5.24E+00    5.24E+00    5.24E+00    5.24E+00    5.24E+00    5.24E+00    5.24E+00    5.24E+00    5.24E+00    5.24E+00    5.24E+00
    2.33E-06    5.24E+00    5.24E+00    5.24E+00    5.24E+00    5.24E+00    5.24E+00    5.24E+00    5.24E+00    5.24E+00    5.24E+00    5.24E+00
    2.43E-06    5.24E+00    5.24E+00    5.24E+00    5.24E+00    5.24E+00    5.24E+00    5.24E+00    5.24E+00    5.24E+00    5.24E+00    5.24E+00
    2.54E-06    5.24E+00    5.24E+00    5.24E+00    5.24E+00    5.24E+00    5.24E+00    5.24E+00    5.24E+00    5.24E+00    5.24E+00    5.24E+00
    2.65E-06    5.24E+00    5.24E+00    5.24E+00    5.24E+00    5.24E+00    5.24E+00    5.24E+00    5.24E+00    5.24E+00    5.24E+00    5.24E+00
    2.76E-06    5.24E+00    5.24E+00    5.24E+00    5.24E+00    5.24E+00    5.24E+00    5.24E+00    5.24E+00    5.24E+00    5.24E+00    5.24E+00
    2.88E-06    5.24E+00    5.24E+00    5.24E+00    5.24E+00    5.24E+00    5.24E+00    5.24E+00    5.24E+00    5.24E+00    5.24E+00    5.24E+00
    3.01E-06    5.24E+00    5.24E+00    5.24E+00    5.24E+00    5.24E+00    5.24E+00    5.24E+00    5.24E+00    5.24E+00    5.24E+00    5.24E+00
    3.14E-06    5.24E+00    5.24E+00    5.24E+00    5.24E+00    5.24E+00    5.24E+00    5.24E+00    5.24E+00    5.24E+00    5.24E+00    5.24E+00
    3.27E-06    5.24E+00    5.24E+00    5.24E+00    5.24E+00    5.24E+00    5.24E+00    5.24E+00    5.24E+00    5.24E+00    5.24E+00    5.24E+00
    3.41E-06    5.24E+00    5.24E+00    5.24E+00    5.24E+00    5.24E+00    5.24E+00    5.24E+00    5.24E+00    5.24E+00    5.24E+00    5.24E+00
    3.56E-06    5.24E+00    5.24E+00    5.24E+00    5.24E+00    5.24E+00    5.24E+00    5.24E+00    5.24E+00    5.24E+00    5.24E+00    5.24E+00
    3.72E-06    5.24E+00    5.24E+00    5.24E+00    5.24E+00    5.24E+00    5.24E+00    5.24E+00    5.24E+00    5.24E+00    5.24E+00    5.24E+00
    3.88E-06    5.24E+00    5.24E+00    5.24E+00    5.24E+00    5.24E+00    5.24E+00    5.24E+00    5.24E+00    5.24E+00    5.24E+00    5.24E+00
    4.04E-06    5.24E+00    5.24E+00    5.24E+00    5.24E+00    5.24E+00    5.24E+00    5.24E+00    5.24E+00    5.24E+00    5.24E+00    5.24E+00
    4.22E-06    5.24E+00    5.24E+00    5.24E+00    5.24E+00    5.24E+00    5.24E+00    5.24E+00    5.24E+00    5.24E+00    5.24E+00    5.24E+00
    4.40E-06    5.24E+00    5.24E+00    5.24E+00    5.24E+00    5.24E+00    5.24E+00    5.24E+00    5.24E+00    5.24E+00    5.24E+00    5.24E+00
    4.59E-06    5.24E+00    5.24E+00    5.24E+00    5.24E+00    5.24E+00    5.24E+00    5.24E+00    5.24E+00    5.24E+00    5.24E+00    5.24E+00
    4.79E-06    5.24E+00    5.24E+00    5.24E+00    5.24E+00    5.24E+00    5.24E+00    5.24E+00    5.24E+00    5.24E+00    5.24E+00    5.24E+00
    5.00E-06    5.24E+00    5.24E+00    5.24E+00    5.24E+00    5.24E+00    5.24E+00    5.24E+00    5.24E+00    5.24E+00    5.24E+00    5.24E+00
    5.21E-06    5.24E+00    5.24E+00    5.24E+00    5.24E+00    5.24E+00    5.24E+00    5.24E+00    5.24E+00    5.24E+00    5.24E+00    5.24E+00
    5.44E-06    5.24E+00    5.24E+00    5.24E+00    5.24E+00    5.24E+00    5.24E+00    5.24E+00    5.24E+00    5.24E+00    5.24E+00    5.24E+00
    5.67E-06    5.24E+00    5.24E+00    5.24E+00    5.24E+00    5.24E+00    5.24E+00    5.24E+00    5.24E+00    5.24E+00    5.24E+00    5.24E+00
    5.92E-06    5.24E+00    5.24E+00    5.24E+00    5.24E+00    5.24E+00    5.24E+00    5.24E+00    5.24E+00    5.24E+00    5.24E+00    5.24E+00
    6.17E-06    5.24E+00    5.24E+00    5.24E+00    5.24E+00    5.24E+00    5.24E+00    5.24E+00    5.24E+00    5.24E+00    5.24E+00    5.24E+00
    6.44E-06    5.24E+00    5.24E+00    5.24E+00    5.24E+00    5.24E+00    5.24E+00    5.24E+00    5.24E+00    5.24E+00    5.24E+00    5.24E+00
    6.72E-06    5.24E+00    5.24E+00    5.24E+00    5.24E+00    5.24E+00    5.24E+00    5.24E+00    5.24E+00    5.24E+00    5.24E+00    5.24E+00
    7.01E-06    5.24E+00    5.24E+00    5.24E+00    5.24E+00    5.24E+00    5.24E+00    5.24E+00    5.24E+00    5.24E+00    5.24E+00    5.24E+00
    7.31E-06    5.24E+00    5.24E+00    5.24E+00    5.24E+00    5.24E+00    5.24E+00    5.24E+00    5.24E+00    5.24E+00    5.24E+00    5.24E+00
    7.63E-06    5.24E+00    5.24E+00    5.24E+00    5.24E+00    5.24E+00    5.24E+00    5.24E+00    5.24E+00    5.24E+00    5.24E+00    5.24E+00
    7.96E-06    5.24E+00    5.24E+00    5.24E+00    5.24E+00    5.24E+00    5.24E+00    5.24E+00    5.24E+00    5.24E+00    5.24E+00    5.24E+00
    8.30E-06    5.24E+00    5.24E+00    5.24E+00    5.24E+00    5.24E+00    5.24E+00    5.24E+00    5.24E+00    5.24E+00    5.24E+00    5.24E+00
    8.66E-06    5.24E+00    5.24E+00    5.24E+00    5.24E+00    5.24E+00    5.24E+00    5.24E+00    5.24E+00    5.24E+00    5.24E+00    5.24E+00
    9.04E-06    5.24E+00    5.24E+00    5.24E+00    5.24E+00    5.24E+00    5.24E+00    5.24E+00    5.24E+00    5.24E+00    5.24E+00    5.24E+00
    9.43E-06    5.24E+00    5.24E+00    5.24E+00    5.24E+00    5.24E+00    5.24E+00    5.24E+00    5.24E+00    5.24E+00    5.24E+00    5.24E+00
    9.84E-06    5.24E+00    5.24E+00    5.24E+00    5.24E+00    5.24E+00    5.24E+00    5.24E+00    5.24E+00    5.24E+00    5.24E+00    5.24E+00
   10.26E-06    5.24E+00    5.24E+00    5.24E+00    5.24E+00    5.24E+00    5.24E+00    5.24E+00    5.24E+00    5.24E+00    5.24E+00    5.24E+00
   10.71E-06    5.24E+00    5.24E+00    5.24E+00    5.24E+00    5.24E+00    5.24E+00    5.24E+00    5.24E+00    5.24E+00    5.24E+00    5.24E+00
   11.17E-06    5.24E+00    5.24E+00    5.24E+00    5.24E+00    5.24E+00    5.24E+00    5.24E+00    5.24E+00    5.24E+00    5.24E+00    5.24E+00
   11.65E-06    5.24E+00    5.24E+00    5.24E+00    5.24E+00    5.24E+00    5.24E+00    5.24E+00    5.24E+00    5.24E+00    5.24E+00    5.24E+00
   12.16E-06    5.24E+00    5.24E+00    5.24E+00    5.24E+00    5.24E+00    5.24E+00    5.24E+00    5.24E+00    5.24E+00    5.24E+00    5.24E+00
   12.68E-06    5.24E+00    5.24E+00    5.24E+00    5.24E+00    5.24E+00    5.24E+00    5.24E+00    5.24E+00    5.24E+00    5.24E+00    5.24E+00
   13.23E-06    5.24E+00    5.24E+00    5.24E+00    5.24E+00    5.24E+00    5.24E+00    5.24E+00    5.24E+00    5.24E+00    5.24E+00    5.24E+00
   13.80E-06    5.24E+00    5.24E+00    5.24E+00    5.24E+00    5.24E+00    5.24E+00    5.24E+00    5.24E+00    5.24E+00    5.24E+00    5.24E+00
   14.40E-06    5.24E+00    5.24E+00    5.24E+00    5.24E+00    5.24E+00    5.24E+00    5.24E+00    5.24E+00    5.24E+00    5.24E+00    5.24E+00
   15.02E-06    5.24E+00    5.24E+00    5.24E+00    5.24E+00    5.24E+00    5.24E+00    5.24E+00    5.24E+00    5.24E+00    5.24E+00    5.24E+00
   15.67E-06    5.24E+00    5.24E+00    5.24E+00    5.24E+00    5.24E+00    5.24E+00    5.24E+00    5.24E+00    5.24E+00    5.24E+00    5.24E+00
   16.35E-06    5.24E+00    5.24E+00    5.24E+00    5.24E+00    5.24E+00    5.24E+00    5.24E+00    5.24E+00    5.24E+00    5.24E+00    5.24E+00
   17.06E-06    5.24E+00    5.24E+00    5.24E+00    5.24E+00    5.24E+00    5.24E+00    5.24E+00    5.24E+00    5.24E+00    5.24E+00    5.24E+00
   17.79E-06    5.24E+00    5.24E+00    5.24E+00    5.24E+00    5.24E+00    5.24E+00    5.24E+00    5.24E+00    5.24E+00    5.24E+00    5.24E+00
   18.56E-06    5.24E+00    5.24E+00    5.24E+00    5.24E+00    5.24E+00    5.24E+00    5.24E+00    5.24E+00    5.24E+00    5.24E+00    5.24E+00
   19.36E-06    5.24E+00    5.24E+00    5.24E+00    5.24E+00    5.24E+00    5.24E+00    5.24E+00    5.24E+00    5.24E+00    5.24E+00    5.24E+00
   20.20E-06    5.24E+00    5.24E+00    5.24E+00    5.24E+00    5.24E+00    5.24E+00    5.24E+00    5.24E+00    5.24E+00    5.24E+00    5.24E+00
   21.08E-06    5.24E+00    5.24E+00    5.24E+00    5.24E+00    5.24E+00    5.24E+00    5.24E+00    5.24E+00    5.24E+00    5.24E+00    5.24E+00
   21.99E-06    5.24E+00    5.24E+00    5.24E+00    5.24E+00    5.24E+00    5.24E+00    5.24E+00    5.24E+00    5.24E+00    5.24E+00    5.24E+00
   22.94E-06    5.24E+00    5.24E+00    5.24E+00    5.24E+00    5.24E+00    5.24E+00    5.24E+00    5.24E+00    5.24E+00    5.24E+00    5.24E+00
   23.93E-06    5.24E+00    5.24E+00    5.24E+00    5.24E+00    5.24E+00    5.24E+00    5.24E+00    5.24E+00    5.24E+00    5.24E+00    5.24E+00
   24.96E-06    5.24E+00    5.24E+00    5.24E+00    5.24E+00    5.24E+00    5.24E+00    5.24E+00    5.24E+00    5.24E+00    5.24E+00    5.24E+00
   26.04E-06    5.24E+00    5.24E+00    5.24E+00    5.24E+00    5.24E+00    5.24E+00    5.24E+00    5.24E+00    5.24E+00    5.24E+00    5.24E+00
   27.17E-06    5.24E+00    5.24E+00    5.24E+00    5.24E+00    5.24E+00    5.24E+00    5.24E+00    5.24E+00    5.24E+00    5.24E+00    5.24E+00
   28.35E-06    5.24E+00    5.24E+00    5.24E+00    5.24E+00    5.24E+00    5.24E+00    5.24E+00    5.24E+00    5.24E+00    5.24E+00    5.24E+00
   29.57E-06    5.24E+00    5.24E+00    5.24E+00    5.24E+00    5.24E+00    5.24E+00    5.24E+00    5.24E+00    5.24E+00    5.24E+00    5.24E+00
   30.85E-06    5.24E+00    5.24E+00    5.24E+00    5.24E+00    5.24E+00    5.24E+00    5.24E+00    5.24E+00    5.24E+00    5.24E+00    5.24E+00
   32.18E-06    5.24E+00    5.24E+00    5.24E+00    5.24E+00    5.24E+00    5.24E+00    5.24E+00    5.24E+00    5.24E+00    5.24E+00    5.24E+00
   33.58E-06    5.24E+00    5.24E+00    5.24E+00    5.24E+00    5.24E+00    5.24E+00    5.24E+00    5.24E+00    5.24E+00    5.24E+00    5.24E+00
   35.03E-06    5.24E+00    5.24E+00    5.24E+00    5.24E+00    5.24E+00    5.24E+00    5.24E+00    5.24E+00    5.24E+00    5.24E+00    5.24E+00
   36.54E-06    5.24E+00    5.24E+00    5.24E+00    5.24E+00    5.24E+00    5.24E+00    5.24E+00    5.24E+00    5.24E+00    5.24E+00    5.24E+00
   38.12E-06    5.24E+00    5.24E+00    5.24E+00    5.24E+00    5.24E+00    5.24E+00    5.24E+00    5.24E+00    5.24E+00    5.24E+00    5.24E+00
   39.77E-06    5.24E+00    5.24E+00    5.24E+00    5.24E+00    5.24E+00    5.24E+00    5.24E+00    5.24E+00    5.24E+00    5.24E+00    5.24E+00
   41.49E-06    5.24E+00    5.24E+00    5.24E+00    5.24E+00    5.24E+00    5.24E+00    5.24E+00    5.24E+00    5.24E+00    5.24E+00    5.24E+00
   43.29E-06    5.24E+00    5.24E+00    5.24E+00    5.24E+00    5.24E+00    5.24E+00    5.24E+00    5.24E+00    5.24E+00    5.24E+00    5.24E+00
   45.16E-06    5.24E+00    5.24E+00    5.24E+00    5.24E+00    5.24E+00    5.24E+00    5.24E+00    5.24E+00    5.24E+00    5.24E+00    5.24E+00
   47.11E-06    5.24E+00    5.24E+00    5.24E+00    5.24E+00    5.24E+00    5.24E+00    5.24E+00    5.24E+00    5.24E+00    5.24E+00    5.24E+00
   49.15E-06    5.24E+00    5.24E+00    5.24E+00    5.24E+00    5.24E+00    5.24E+00    5.24E+00    5.24E+00    5.24E+00    5.24E+00    5.24E+00
   51.27E-06    5.24E+00    5.24E+00    5.24E+00    5.24E+00    5.24E+00    5.24E+00    5.24E+00    5.24E+00    5.24E+00    5.24E+00    5.24E+00
   53.49E-06    5.24E+00    5.24E+00    5.24E+00    5.24E+00    5.24E+00    5.24E+00    5.24E+00    5.24E+00    5.24E+00    5.24E+00    5.24E+00
   55.80E-06    5.24E+00    5.24E+00    5.24E+00    5.24E+00    5.24E+00    5.24E+00    5.24E+00    5.24E+00    5.24E+00    5.24E+00    5.24E+00
   58.22E-06    5.24E+00    5.24E+00    5.24E+00    5.24E+00    5.24E+00    5.24E+00    5.24E+00    5.24E+00    5.24E+00    5.24E+00    5.24E+00
   60.73E-06    5.24E+00    5.24E+00    5.24E+00    5.24E+00    5.24E+00    5.24E+00    5.24E+00    5.24E+00    5.24E+00    5.24E+00    5.24E+00
   63.36E-06    5.24E+00    5.24E+00    5.24E+00    5.24E+00    5.24E+00    5.24E+00    5.24E+00    5.24E+00    5.24E+00    5.24E+00    5.24E+00
   66.10E-06    5.24E+00    5.24E+00    5.24E+00    5.24E+00    5.24E+00    5.24E+00    5.24E+00    5.24E+00    5.24E+00    5.24E+00    5.24E+00
   68.96E-06    5.24E+00    5.24E+00    5.24E+00    5.24E+00    5.24E+00    5.24E+00    5.24E+00    5.24E+00    5.24E+00    5.24E+00    5.24E+00
   71.94E-06    5.24E+00    5.24E+00    5.24E+00    5.24E+00    5.24E+00    5.24E+00    5.24E+00    5.24E+00    5.24E+00    5.24E+00    5.24E+00
   75.05E-06    5.24E+00    5.24E+00    5.24E+00    5.24E+00    5.24E+00    5.24E+00    5.24E+00    5.24E+00    5.24E+00    5.24E+00    5.24E+00
   78.30E-06    5.24E+00    5.24E+00    5.24E+00    5.24E+00    5.24E+00    5.24E+00    5.24E+00    5.24E+00    5.24E+00    5.24E+00    5.24E+00
   81.68E-06    5.24E+00    5.24E+00    5.24E+00    5.24E+00    5.24E+00    5.24E+00    5.24E+00    5.24E+00    5.24E+00    5.24E+00    5.24E+00
   85.22E-06    5.24E+00    5.24E+00    5.24E+00    5.24E+00    5.24E+00    5.24E+00    5.24E+00    5.24E+00    5.24E+00    5.24E+00    5.24E+00
   88.90E-06    5.24E+00    5.24E+00    5.24E+00    5.24E+00    5.24E+00    5.24E+00    5.24E+00    5.24E+00    5.24E+00    5.24E+00    5.24E+00
   92.75E-06    5.24E+00    5.24E+00    5.24E+00    5.24E+00    5.24E+00    5.24E+00    5.24E+00    5.24E+00    5.24E+00    5.24E+00    5.24E+00
   96.76E-06    5.24E+00    5.24E+00    5.24E+00    5.24E+00    5.24E+00    5.24E+00    5.24E+00    5.24E+00    5.24E+00    5.24E+00    5.24E+00
  100.94E-06    5.24E+00    5.24E+00    5.24E+00    5.24E+00    5.24E+00    5.24E+00    5.24E+00    5.24E+00    5.24E+00    5.24E+00    5.24E+00
  105.31E-06    5.24E+00    5.24E+00    5.24E+00    5.24E+00    5.24E+00    5.24E+00    5.24E+00    5.24E+00    5.24E+00    5.24E+00    5.24E+00
  109.86E-06    5.24E+00    5.24E+00    5.24E+00    5.24E+00    5.24E+00    5.24E+00    5.24E+00    5.24E+00    5.24E+00    5.24E+00    5.24E+00
  114.61E-06    5.24E+00    5.24E+00    5.24E+00    5.24E+00    5.24E+00    5.24E+00    5.24E+00    5.24E+00    5.24E+00    5.24E+00    5.24E+00
  119.57E-06    5.24E+00    5.24E+00    5.24E+00    5.24E+00    5.24E+00    5.24E+00    5.24E+00    5.24E+00    5.24E+00    5.24E+00    5.24E+00
  124.74E-06    5.24E+00    5.24E+00    5.24E+00    5.24E+00    5.24E+00    5.24E+00    5.24E+00    5.24E+00    5.24E+00    5.24E+00    5.24E+00
  130.13E-06    5.24E+00    5.24E+00    5.24E+00    5.24E+00    5.24E+00    5.24E+00    5.24E+00    5.24E+00    5.24E+00    5.24E+00    5.24E+00
  135.76E-06    5.24E+00    5.24E+00    5.24E+00    5.24E+00    5.24E+00    5.24E+00    5.24E+00    5.24E+00    5.24E+00    5.24E+00    5.24E+00
  141.63E-06    5.24E+00    5.24E+00    5.24E+00    5.24E+00    5.24E+00    5.24E+00    5.24E+00    5.24E+00    5.24E+00    5.24E+00    5.24E+00
  147.75E-06    5.24E+00    5.24E+00    5.24E+00    5.24E+00    5.24E+00    5.24E+00    5.24E+00    5.24E+00    5.24E+00    5.24E+00    5.24E+00
  154.14E-06    5.24E+00    5.24E+00    5.24E+00    5.24E+00    5.24E+00    5.24E+00    5.24E+00    5.24E+00    5.24E+00    5.24E+00    5.24E+00
  160.81E-06    5.24E+00    5.24E+00    5.24E+00    5.24E+00    5.24E+00    5.24E+00    5.24E+00    5.24E+00    5.24E+00    5.24E+00    5.24E+00
  167.76E-06    5.24E+00    5.24E+00    5.24E+00    5.24E+00    5.24E+00    5.24E+00    5.24E+00    5.24E+00    5.24E+00    5.24E+00    5.24E+00
  175.02E-06    5.24E+00    5.24E+00    5.24E+00    5.24E+00    5.24E+00    5.24E+00    5.24E+00    5.24E+00    5.24E+00    5.24E+00    5.24E+00
  182.59E-06    5.24E+00    5.24E+00    5.24E+00    5.24E+00    5.24E+00    5.24E+00    5.24E+00    5.24E+00    5.24E+00    5.24E+00    5.24E+00
  190.48E-06    5.24E+00    5.24E+00    5.24E+00    5.24E+00    5.24E+00    5.24E+00    5.24E+00    5.24E+00    5.24E+00    5.24E+00    5.24E+00
  198.72E-06    5.24E+00    5.24E+00    5.24E+00    5.24E+00    5.24E+00    5.24E+00    5.24E+00    5.24E+00    5.24E+00    5.24E+00    5.24E+00
  207.31E-06    5.24E+00    5.24E+00    5.24E+00    5.24E+00    5.24E+00    5.24E+00    5.24E+00    5.24E+00    5.24E+00    5.24E+00    5.24E+00
  216.28E-06    5.24E+00    5.24E+00    5.24E+00    5.24E+00    5.24E+00    5.24E+00    5.24E+00    5.24E+00    5.24E+00    5.24E+00    5.24E+00
  225.63E-06    5.24E+00    5.24E+00    5.24E+00    5.24E+00    5.24E+00    5.24E+00    5.24E+00    5.24E+00    5.24E+00    5.24E+00    5.24E+00
  235.39E-06    5.24E+00    5.24E+00    5.24E+00    5.24E+00    5.24E+00    5.24E+00    5.24E+00    5.24E+00    5.24E+00    5.24E+00    5.24E+00
  245.57E-06    5.24E+00    5.24E+00    5.24E+00    5.24E+00    5.24E+00    5.24E+00    5.24E+00    5.24E+00    5.24E+00    5.24E+00    5.24E+00
  256.19E-06    5.24E+00    5.24E+00    5.24E+00    5.24E+00    5.24E+00    5.24E+00    5.24E+00    5.24E+00    5.24E+00    5.24E+00    5.24E+00
  267.26E-06    5.24E+00    5.24E+00    5.24E+00    5.24E+00    5.24E+00    5.24E+00    5.24E+00    5.24E+00    5.24E+00    5.24E+00    5.24E+00
  278.82E-06    5.24E+00    5.24E+00    5.24E+00    5.24E+00    5.24E+00    5.24E+00    5.24E+00    5.24E+00    5.24E+00    5.24E+00    5.24E+00
  290.88E-06    5.24E+00    5.24E+00    5.24E+00    5.24E+00    5.24E+00    5.24E+00    5.24E+00    5.24E+00    5.24E+00    5.24E+00    5.24E+00
  303.46E-06    5.24E+00    5.24E+00    5.24E+00    5.24E+00    5.24E+00    5.24E+00    5.24E+00    5.24E+00    5.24E+00    5.24E+00    5.24E+00
  316.58E-06    5.24E+00    5.24E+00    5.24E+00    5.24E+00    5.24E+00    5.24E+00    5.24E+00    5.24E+00    5.24E+00    5.24E+00    5.24E+00
  330.27E-06    5.24E+00    5.24E+00    5.24E+00    5.24E+00    5.24E+00    5.24E+00    5.24E+00    5.24E+00    5.24E+00    5.24E+00    5.24E+00
  344.55E-06    5.24E+00    5.24E+00    5.24E+00    5.24E+00    5.24E+00    5.24E+00    5.24E+00    5.24E+00    5.24E+00    5.24E+00    5.24E+00
  359.45E-06    5.24E+00    5.24E+00    5.24E+00    5.24E+00    5.24E+00    5.24E+00    5.24E+00    5.24E+00    5.24E+00    5.24E+00    5.24E+00
  375.00E-06    5.24E+00    5.24E+00    5.24E+00    5.24E+00    5.24E+00    5.24E+00    5.24E+00    5.24E+00    5.24E+00    5.24E+00    5.24E+00
  391.21E-06    5.24E+00    5.24E+00    5.24E+00    5.24E+00    5.24E+00    5.24E+00    5.24E+00    5.24E+00    5.24E+00    5.24E+00    5.24E+00
  408.13E-06    5.24E+00    5.24E+00    5.24E+00    5.24E+00    5.24E+00    5.24E+00    5.24E+00    5.24E+00    5.24E+00    5.24E+00    5.24E+00
  425.78E-06    5.24E+00    5.24E+00    5.24E+00    5.24E+00    5.24E+00    5.24E+00    5.24E+00    5.24E+00    5.24E+00    5.24E+00    5.24E+00
  444.19E-06    5.24E+00    5.24E+00    5.24E+00    5.24E+00    5.24E+00    5.24E+00    5.24E+00    5.24E+00    5.24E+00    5.24E+00    5.24E+00
  463.40E-06    5.24E+00    5.24E+00    5.24E+00    5.24E+00    5.24E+00    5.24E+00    5.24E+00    5.24E+00    5.24E+00    5.24E+00    5.24E+00
  483.44E-06    5.24E+00    5.24E+00    5.24E+00    5.24E+00    5.24E+00    5.24E+00    5.24E+00    5.24E+00    5.24E+00    5.24E+00    5.24E+00
  504.35E-06    5.24E+00    5.24E+00    5.24E+00    5.24E+00    5.24E+00    5.24E+00    5.24E+00    5.24E+00    5.24E+00    5.24E+00    5.24E+00
  526.16E-06    5.24E+00    5.24E+00    5.24E+00    5.24E+00    5.24E+00    5.24E+00    5.24E+00    5.24E+00    5.24E+00    5.24E+00    5.24E+00
  548.91E-06    5.24E+00    5.24E+00    5.24E+00    5.24E+00    5.24E+00    5.24E+00    5.24E+00    5.24E+00    5.24E+00    5.24E+00    5.24E+00
  572.65E-06    5.24E+00    5.24E+00    5.24E+00    5.24E+00    5.24E+00    5.24E+00    5.24E+00    5.24E+00    5.24E+00    5.24E+00    5.24E+00
  597.41E-06    5.24E+00    5.24E+00    5.24E+00    5.24E+00    5.24E+00    5.24E+00    5.24E+00    5.24E+00    5.24E+00    5.24E+00    5.24E+00
  623.24E-06    5.24E+00    5.24E+00    5.24E+00    5.24E+00    5.24E+00    5.24E+00    5.24E+00    5.24E+00    5.24E+00    5.24E+00    5.24E+00
  650.20E-06    5.24E+00    5.24E+00    5.24E+00    5.24E+00    5.24E+00    5.24E+00    5.24E+00    5.24E+00    5.24E+00    5.24E+00    5.24E+00
  678.31E-06    5.24E+00    5.24E+00    5.24E+00    5.24E+00    5.24E+00    5.24E+00    5.24E+00    5.24E+00    5.24E+00    5.24E+00    5.24E+00
  707.65E-06    5.24E+00    5.24E+00    5.24E+00    5.24E+00    5.24E+00    5.24E+00    5.24E+00    5.24E+00    5.24E+00    5.24E+00    5.24E+00
  738.25E-06    5.24E+00    5.24E+00    5.24E+00    5.24E+00    5.24E+00    5.24E+00    5.24E+00    5.24E+00    5.24E+00    5.24E+00    5.24E+00
  770.17E-06    5.24E+00    5.24E+00    5.24E+00    5.24E+00    5.24E+00    5.24E+00    5.24E+00    5.24E+00    5.24E+00    5.24E+00    5.24E+00
  803.48E-06    5.24E+00    5.24E+00    5.24E+00    5.24E+00    5.24E+00    5.24E+00    5.24E+00    5.24E+00    5.24E+00    5.24E+00    5.24E+00
  838.22E-06    5.24E+00    5.24E+00    5.24E+00    5.24E+00    5.24E+00    5.24E+00    5.24E+00    5.24E+00    5.24E+00    5.24E+00    5.24E+00
  874.47E-06    5.24E+00    5.24E+00    5.24E+00    5.24E+00    5.24E+00    5.24E+00    5.24E+00    5.24E+00    5.24E+00    5.24E+00    5.24E+00
  912.29E-06    5.24E+00    5.24E+00    5.24E+00    5.24E+00    5.24E+00    5.24E+00    5.24E+00    5.24E+00    5.24E+00    5.24E+00    5.24E+00
  951.74E-06    5.24E+00    5.24E+00    5.24E+00    5.24E+00    5.24E+00    5.24E+00    5.24E+00    5.24E+00    5.24E+00    5.24E+00    5.24E+00
  992.89E-06    5.24E+00    5.24E+00    5.24E+00    5.24E+00    5.24E+00    5.24E+00    5.24E+00    5.24E+00    5.24E+00    5.24E+00    5.24E+00
    1.04E-03    5.24E+00    5.24E+00    5.24E+00    5.24E+00    5.24E+00    5.24E+00    5.24E+00    5.24E+00    5.24E+00    5.24E+00    5.24E+00
    1.08E-03    5.24E+00    5.24E+00    5.24E+00    5.24E+00    5.24E+00    5.24E+00    5.24E+00    5.24E+00    5.24E+00    5.24E+00    5.24E+00
    1.13E-03    5.24E+00    5.24E+00    5.24E+00    5.24E+00    5.24E+00    5.24E+00    5.24E+00    5.24E+00    5.24E+00    5.24E+00    5.24E+00
    1.18E-03    5.24E+00    5.24E+00    5.24E+00    5.24E+00    5.24E+00    5.24E+00    5.24E+00    5.24E+00    5.24E+00    5.24E+00    5.24E+00
    1.23E-03    5.24E+00    5.24E+00    5.24E+00    5.24E+00    5.24E+00    5.24E+00    5.24E+00    5.24E+00    5.24E+00    5.24E+00    5.24E+00
    1.28E-03    5.24E+00    5.24E+00    5.24E+00    5.24E+00    5.24E+00    5.24E+00    5.24E+00    5.24E+00    5.24E+00    5.24E+00    5.24E+00
    1.34E-03    5.24E+00    5.24E+00    5.24E+00    5.24E+00    5.24E+00    5.24E+00    5.24E+00    5.24E+00    5.24E+00    5.24E+00    5.24E+00
    1.39E-03    5.24E+00    5.24E+00    5.24E+00    5.24E+00    5.24E+00    5.24E+00    5.24E+00    5.24E+00    5.24E+00    5.24E+00    5.24E+00
    1.45E-03    5.24E+00    5.24E+00    5.24E+00    5.24E+00    5.24E+00    5.24E+00    5.24E+00    5.24E+00    5.24E+00    5.24E+00    5.24E+00
    1.52E-03    5.24E+00    5.24E+00    5.24E+00    5.24E+00    5.24E+00    5.24E+00    5.24E+00    5.24E+00    5.24E+00    5.24E+00    5.24E+00
    1.58E-03    5.24E+00    5.24E+00    5.24E+00    5.24E+00    5.24E+00    5.24E+00    5.24E+00    5.24E+00    5.24E+00    5.24E+00    5.24E+00
    1.65E-03    5.24E+00    5.24E+00    5.24E+00    5.24E+00    5.24E+00    5.24E+00    5.24E+00    5.24E+00    5.24E+00    5.24E+00    5.24E+00
    1.72E-03    5.24E+00    5.24E+00    5.24E+00    5.24E+00    5.24E+00    5.24E+00    5.24E+00    5.24E+00    5.24E+00    5.24E+00    5.24E+00
    1.80E-03    5.24E+00    5.24E+00    5.24E+00    5.24E+00    5.24E+00    5.24E+00    5.24E+00    5.24E+00    5.24E+00    5.24E+00    5.24E+00
    1.87E-03    5.24E+00    5.24E+00    5.24E+00    5.24E+00    5.24E+00    5.24E+00    5.24E+00    5.24E+00    5.24E+00    5.24E+00    5.24E+00
    1.95E-03    5.24E+00    5.24E+00    5.24E+00    5.24E+00    5.24E+00    5.24E+00    5.24E+00    5.24E+00    5.24E+00    5.24E+00    5.24E+00
    2.04E-03    5.24E+00    5.24E+00    5.24E+00    5.24E+00    5.24E+00    5.24E+00    5.24E+00    5.24E+00    5.24E+00    5.24E+00    5.24E+00
    2.13E-03    5.24E+00    5.24E+00    5.24E+00    5.24E+00    5.24E+00    5.24E+00    5.24E+00    5.24E+00    5.24E+00    5.24E+00    5.24E+00
    2.22E-03    5.24E+00    5.24E+00    5.24E+00    5.24E+00    5.24E+00    5.24E+00    5.24E+00    5.24E+00    5.24E+00    5.24E+00    5.24E+00
    2.32E-03    5.24E+00    5.24E+00    5.24E+00    5.24E+00    5.24E+00    5.24E+00    5.24E+00    5.24E+00    5.24E+00    5.24E+00    5.24E+00
    2.42E-03    5.24E+00    5.24E+00    5.24E+00    5.24E+00    5.24E+00    5.24E+00    5.24E+00    5.24E+00    5.24E+00    5.24E+00    5.24E+00
    2.52E-03    5.24E+00    5.24E+00    5.24E+00    5.24E+00    5.24E+00    5.24E+00    5.24E+00    5.24E+00    5.24E+00    5.24E+00    5.24E+00
    2.63E-03    5.24E+00    5.24E+00    5.24E+00    5.24E+00    5.24E+00    5.24E+00    5.24E+00    5.24E+00    5.24E+00    5.24E+00    5.24E+00
    2.74E-03    5.24E+00    5.24E+00    5.24E+00    5.24E+00    5.24E+00    5.24E+00    5.24E+00    5.24E+00    5.24E+00    5.24E+00    5.24E+00
    2.86E-03    5.24E+00    5.24E+00    5.24E+00    5.24E+00    5.24E+00    5.24E+00    5.24E+00    5.24E+00    5.24E+00    5.24E+00    5.24E+00
    2.98E-03    5.24E+00    5.24E+00    5.24E+00    5.24E+00    5.24E+00    5.24E+00    5.24E+00    5.24E+00    5.24E+00    5.24E+00    5.24E+00
    3.11E-03    5.24E+00    5.24E+00    5.24E+00    5.24E+00    5.24E+00    5.24E+00    5.24E+00    5.24E+00    5.24E+00    5.24E+00    5.24E+00
    3.25E-03    5.24E+00    5.24E+00    5.24E+00    5.24E+00    5.24E+00    5.24E+00    5.24E+00    5.24E+00    5.24E+00    5.24E+00    5.24E+00
    3.39E-03    5.24E+00    5.24E+00    5.24E+00    5.24E+00    5.24E+00    5.24E+00    5.24E+00    5.24E+00    5.24E+00    5.24E+00    5.24E+00
    3.54E-03    5.24E+00    5.24E+00    5.24E+00    5.24E+00    5.24E+00    5.24E+00    5.24E+00    5.24E+00    5.24E+00    5.24E+00    5.24E+00
    3.69E-03    5.24E+00    5.24E+00    5.24E+00    5.24E+00    5.24E+00    5.24E+00    5.24E+00    5.24E+00    5.24E+00    5.24E+00    5.24E+00
    3.85E-03    5.24E+00    5.24E+00    5.24E+00    5.24E+00    5.24E+00    5.24E+00    5.24E+00    5.24E+00    5.24E+00    5.24E+00    5.24E+00
    4.01E-03    5.24E+00    5.24E+00    5.24E+00    5.24E+00    5.24E+00    5.24E+00    5.24E+00    5.24E+00    5.24E+00    5.24E+00    5.24E+00
    4.19E-03    5.24E+00    5.24E+00    5.24E+00    5.24E+00    5.24E+00    5.24E+00    5.24E+00    5.24E+00    5.24E+00    5.24E+00    5.24E+00
    4.37E-03    5.24E+00    5.24E+00    5.24E+00    5.24E+00    5.24E+00    5.24E+00    5.24E+00    5.24E+00    5.24E+00    5.24E+00    5.24E+00
    4.56E-03    5.24E+00    5.24E+00    5.24E+00    5.24E+00    5.24E+00    5.24E+00    5.24E+00    5.24E+00    5.24E+00    5.24E+00    5.24E+00
    4.76E-03    5.24E+00    5.24E+00    5.24E+00    5.24E+00    5.24E+00    5.24E+00    5.24E+00    5.24E+00    5.24E+00    5.24E+00    5.24E+00
    4.96E-03    5.24E+00    5.24E+00    5.24E+00    5.24E+00    5.24E+00    5.24E+00    5.24E+00    5.24E+00    5.24E+00    5.24E+00    5.24E+00
    5.18E-03    5.24E+00    5.24E+00    5.24E+00    5.24E+00    5.24E+00    5.24E+00    5.24E+00    5.24E+00    5.24E+00    5.24E+00    5.24E+00
    5.40E-03    5.24E+00    5.24E+00    5.24E+00    5.24E+00    5.24E+00    5.24E+00    5.24E+00    5.24E+00    5.24E+00    5.24E+00    5.24E+00
    5.63E-03    5.24E+00    5.24E+00    5.24E+00    5.24E+00    5.24E+00    5.24E+00    5.24E+00    5.24E+00    5.24E+00    5.24E+00    5.24E+00
    5.88E-03    5.24E+00    5.24E+00    5.24E+00    5.24E+00    5.24E+00    5.24E+00    5.24E+00    5.24E+00    5.24E+00    5.24E+00    5.24E+00
    6.13E-03    5.24E+00    5.24E+00    5.24E+00    5.24E+00    5.24E+00    5.24E+00    5.24E+00    5.24E+00    5.24E+00    5.24E+00    5.24E+00
    6.40E-03    5.24E+00    5.24E+00    5.24E+00    5.24E+00    5.24E+00    5.24E+00    5.24E+00    5.24E+00    5.24E+00    5.24E+00    5.24E+00
    6.67E-03    5.24E+00    5.24E+00    5.24E+00    5.24E+00    5.24E+00    5.24E+00    5.24E+00    5.24E+00    5.24E+00    5.24E+00    5.24E+00
    6.96E-03    5.24E+00    5.24E+00    5.24E+00    5.24E+00    5.24E+00    5.24E+00    5.24E+00    5.24E+00    5.24E+00    5.24E+00    5.24E+00
    7.26E-03    5.24E+00    5.24E+00    5.24E+00    5.24E+00    5.24E+00    5.24E+00    5.24E+00    5.24E+00    5.24E+00    5.24E+00    5.24E+00
    7.58E-03    5.24E+00    5.24E+00    5.24E+00    5.24E+00    5.24E+00    5.24E+00    5.24E+00    5.24E+00    5.24E+00    5.24E+00    5.24E+00
    7.90E-03    5.24E+00    5.24E+00    5.24E+00    5.24E+00    5.24E+00    5.24E+00    5.24E+00    5.24E+00    5.24E+00    5.24E+00    5.24E+00
    8.25E-03    5.24E+00    5.24E+00    5.24E+00    5.24E+00    5.24E+00    5.24E+00    5.24E+00    5.24E+00    5.24E+00    5.24E+00    5.24E+00
    8.60E-03    5.24E+00    5.24E+00    5.24E+00    5.24E+00    5.24E+00    5.24E+00    5.24E+00    5.24E+00    5.24E+00    5.24E+00    5.24E+00
    8.97E-03    5.24E+00    5.24E+00    5.24E+00    5.24E+00    5.24E+00    5.24E+00    5.24E+00    5.24E+00    5.24E+00    5.24E+00    5.24E+00
    9.36E-03    5.24E+00    5.24E+00    5.24E+00    5.24E+00    5.24E+00    5.24E+00    5.24E+00    5.24E+00    5.24E+00    5.24E+00    5.24E+00
    9.77E-03    5.24E+00    5.24E+00    5.24E+00    5.24E+00    5.24E+00    5.24E+00    5.24E+00    5.24E+00    5.24E+00    5.24E+00    5.24E+00
   10.19E-03    5.24E+00    5.24E+00    5.24E+00    5.24E+00    5.24E+00    5.24E+00    5.24E+00    5.24E+00    5.24E+00    5.24E+00    5.24E+00
   10.63E-03    5.24E+00    5.24E+00    5.24E+00    5.24E+00    5.24E+00    5.24E+00    5.24E+00    5.24E+00    5.24E+00    5.24E+00    5.24E+00
   11.09E-03    5.24E+00    5.24E+00    5.24E+00    5.24E+00    5.24E+00    5.24E+00    5.24E+00    5.24E+00    5.24E+00    5.24E+00    5.24E+00
   11.57E-03    5.24E+00    5.24E+00    5.24E+00    5.24E+00    5.24E+00    5.24E+00    5.24E+00    5.24E+00    5.24E+00    5.24E+00    5.24E+00
   12.07E-03    5.24E+00    5.24E+00    5.24E+00    5.24E+00    5.24E+00    5.24E+00    5.24E+00    5.24E+00    5.24E+00    5.24E+00    5.24E+00
   12.59E-03    5.24E+00    5.24E+00    5.24E+00    5.24E+00    5.24E+00    5.24E+00    5.24E+00    5.24E+00    5.24E+00    5.24E+00    5.24E+00
   13.14E-03    5.24E+00    5.24E+00    5.24E+00    5.24E+00    5.24E+00    5.24E+00    5.24E+00    5.24E+00    5.24E+00    5.24E+00    5.24E+00
   13.70E-03    5.24E+00    5.24E+00    5.24E+00    5.24E+00    5.24E+00    5.24E+00    5.24E+00    5.24E+00    5.24E+00    5.24E+00    5.24E+00
   14.30E-03    5.24E+00    5.24E+00    5.24E+00    5.24E+00    5.24E+00    5.24E+00    5.24E+00    5.24E+00    5.24E+00    5.24E+00    5.24E+00
   14.91E-03    5.24E+00    5.24E+00    5.24E+00    5.24E+00    5.24E+00    5.24E+00    5.24E+00    5.24E+00    5.24E+00    5.24E+00    5.24E+00
   15.56E-03    5.24E+00    5.24E+00    5.24E+00    5.24E+00    5.24E+00    5.24E+00    5.24E+00    5.24E+00    5.24E+00    5.24E+00    5.24E+00
   16.23E-03    5.24E+00    5.24E+00    5.24E+00    5.24E+00    5.24E+00    5.24E+00    5.24E+00    5.24E+00    5.24E+00    5.24E+00    5.24E+00
   16.93E-03    5.24E+00    5.24E+00    5.24E+00    5.24E+00    5.24E+00    5.24E+00    5.24E+00    5.24E+00    5.24E+00    5.24E+00    5.24E+00
   17.67E-03    5.24E+00    5.24E+00    5.24E+00    5.24E+00    5.24E+00    5.24E+00    5.24E+00    5.24E+00    5.24E+00    5.24E+00    5.24E+00
   18.43E-03    5.24E+00    5.24E+00    5.24E+00    5.24E+00    5.24E+00    5.24E+00    5.24E+00    5.24E+00    5.24E+00    5.24E+00    5.24E+00
   19.23E-03    5.24E+00    5.24E+00    5.24E+00    5.24E+00    5.24E+00    5.24E+00    5.24E+00    5.24E+00    5.24E+00    5.24E+00    5.24E+00
   20.06E-03    5.24E+00    5.24E+00    5.24E+00    5.24E+00    5.24E+00    5.24E+00    5.24E+00    5.24E+00    5.24E+00    5.24E+00    5.24E+00
   20.93E-03    5.24E+00    5.24E+00    5.24E+00    5.24E+00    5.24E+00    5.24E+00    5.24E+00    5.24E+00    5.24E+00    5.24E+00    5.24E+00
   21.83E-03    5.24E+00    5.24E+00    5.24E+00    5.24E+00    5.24E+00    5.24E+00    5.24E+00    5.24E+00    5.24E+00    5.24E+00    5.24E+00
   22.78E-03    5.24E+00    5.24E+00    5.24E+00    5.24E+00    5.24E+00    5.24E+00    5.24E+00    5.24E+00    5.24E+00    5.24E+00    5.24E+00
   23.76E-03    5.24E+00    5.24E+00    5.24E+00    5.24E+00    5.24E+00    5.24E+00    5.24E+00    5.24E+00    5.24E+00    5.24E+00    5.24E+00
   24.79E-03    5.24E+00    5.24E+00    5.24E+00    5.24E+00    5.24E+00    5.24E+00    5.24E+00    5.24E+00    5.24E+00    5.24E+00    5.24E+00
   25.86E-03    5.24E+00    5.24E+00    5.24E+00    5.24E+00    5.24E+00    5.24E+00    5.24E+00    5.24E+00    5.24E+00    5.24E+00    5.24E+00
   26.98E-03    5.24E+00    5.24E+00    5.24E+00    5.24E+00    5.24E+00    5.24E+00    5.24E+00    5.24E+00    5.24E+00    5.24E+00    5.24E+00
   28.14E-03    5.24E+00    5.24E+00    5.24E+00    5.24E+00    5.24E+00    5.24E+00    5.24E+00    5.24E+00    5.24E+00    5.24E+00    5.24E+00
   29.36E-03    5.24E+00    5.24E+00    5.24E+00    5.24E+00    5.24E+00    5.24E+00    5.24E+00    5.24E+00    5.24E+00    5.24E+00    5.24E+00
   30.63E-03    5.24E+00    5.24E+00    5.24E+00    5.24E+00    5.24E+00    5.24E+00    5.24E+00    5.24E+00    5.24E+00    5.24E+00    5.24E+00
   31.96E-03    5.24E+00    5.24E+00    5.24E+00    5.24E+00    5.24E+00    5.24E+00    5.24E+00    5.24E+00    5.24E+00    5.24E+00    5.24E+00
   33.34E-03    5.24E+00    5.24E+00    5.24E+00    5.24E+00    5.24E+00    5.24E+00    5.24E+00    5.24E+00    5.24E+00    5.24E+00    5.24E+00
   34.78E-03    5.24E+00    5.24E+00    5.24E+00    5.24E+00    5.24E+00    5.24E+00    5.24E+00    5.24E+00    5.24E+00    5.24E+00    5.24E+00
   36.28E-03    5.24E+00    5.24E+00    5.24E+00    5.24E+00    5.24E+00    5.24E+00    5.24E+00    5.24E+00    5.24E+00    5.24E+00    5.24E+00
   37.85E-03    5.24E+00    5.24E+00    5.24E+00    5.24E+00    5.24E+00    5.24E+00    5.24E+00    5.24E+00    5.24E+00    5.24E+00    5.24E+00
   39.49E-03    5.24E+00    5.24E+00    5.24E+00    5.24E+00    5.24E+00    5.24E+00    5.24E+00    5.24E+00    5.24E+00    5.24E+00    5.24E+00
   41.20E-03    5.24E+00    5.24E+00    5.24E+00    5.24E+00    5.24E+00    5.24E+00    5.24E+00    5.24E+00    5.24E+00    5.24E+00    5.24E+00
   42.98E-03    5.24E+00    5.24E+00    5.24E+00    5.24E+00    5.24E+00    5.24E+00    5.24E+00    5.24E+00    5.24E+00    5.24E+00    5.24E+00
   44.84E-03    5.24E+00    5.24E+00    5.24E+00    5.24E+00    5.24E+00    5.24E+00    5.24E+00    5.24E+00    5.24E+00    5.24E+00    5.24E+00
   46.78E-03    5.24E+00    5.24E+00    5.24E+00    5.24E+00    5.24E+00    5.24E+00    5.24E+00    5.24E+00    5.24E+00    5.24E+00    5.24E+00
   48.80E-03    5.24E+00    5.24E+00    5.24E+00    5.24E+00    5.24E+00    5.24E+00    5.24E+00    5.24E+00    5.24E+00    5.24E+00    5.24E+00
   50.91E-03    5.24E+00    5.24E+00    5.24E+00    5.24E+00    5.24E+00    5.24E+00    5.24E+00    5.24E+00    5.24E+00    5.24E+00    5.24E+00
   53.11E-03    5.24E+00    5.24E+00    5.24E+00    5.24E+00    5.24E+00    5.24E+00    5.24E+00    5.24E+00    5.24E+00    5.24E+00    5.24E+00
   55.41E-03    5.24E+00    5.24E+00    5.24E+00    5.24E+00    5.24E+00    5.24E+00    5.24E+00    5.24E+00    5.24E+00    5.24E+00    5.24E+00
   57.80E-03    5.24E+00    5.24E+00    5.24E+00    5.24E+00    5.24E+00    5.24E+00    5.24E+00    5.24E+00    5.24E+00    5.24E+00    5.24E+00
   60.30E-03    5.24E+00    5.24E+00    5.24E+00    5.24E+00    5.24E+00    5.24E+00    5.24E+00    5.24E+00    5.24E+00    5.24E+00    5.24E+00
   62.91E-03    5.24E+00    5.24E+00    5.24E+00    5.24E+00    5.24E+00    5.24E+00    5.24E+00    5.24E+00    5.24E+00    5.24E+00    5.24E+00
   65.63E-03    5.24E+00    5.24E+00    5.24E+00    5.24E+00    5.24E+00    5.24E+00    5.24E+00    5.24E+00    5.24E+00    5.24E+00    5.24E+00
   68.47E-03    5.24E+00    5.24E+00    5.24E+00    5.24E+00    5.24E+00    5.24E+00    5.24E+00    5.24E+00    5.24E+00    5.24E+00    5.24E+00
   71.43E-03    5.24E+00    5.24E+00    5.24E+00    5.24E+00    5.24E+00    5.24E+00    5.24E+00    5.24E+00    5.24E+00    5.24E+00    5.24E+00
   74.52E-03    5.24E+00    5.24E+00    5.24E+00    5.24E+00    5.24E+00    5.24E+00    5.24E+00    5.24E+00    5.24E+00    5.24E+00    5.24E+00
   77.74E-03    5.24E+00    5.24E+00    5.24E+00    5.24E+00    5.24E+00    5.24E+00    5.24E+00    5.24E+00    5.24E+00    5.24E+00    5.24E+00
   81.10E-03    5.24E+00    5.24E+00    5.24E+00    5.24E+00    5.24E+00    5.24E+00    5.24E+00    5.24E+00    5.24E+00    5.24E+00    5.24E+00
   84.61E-03    5.24E+00    5.24E+00    5.24E+00    5.24E+00    5.24E+00    5.24E+00    5.24E+00    5.24E+00    5.24E+00    5.24E+00    5.24E+00
   88.27E-03    5.24E+00    5.24E+00    5.24E+00    5.24E+00    5.24E+00    5.24E+00    5.24E+00    5.24E+00    5.24E+00    5.24E+00    5.24E+00
   92.09E-03    5.24E+00    5.24E+00    5.24E+00    5.24E+00    5.24E+00    5.24E+00    5.24E+00    5.24E+00    5.24E+00    5.24E+00    5.24E+00
   96.07E-03    5.24E+00    5.24E+00    5.24E+00    5.24E+00    5.24E+00    5.24E+00    5.24E+00    5.24E+00    5.24E+00    5.24E+00    5.24E+00
  100.22E-03    5.24E+00    5.24E+00    5.24E+00    5.24E+00    5.24E+00    5.24E+00    5.24E+00    5.24E+00    5.24E+00    5.24E+00    5.24E+00
  104.56E-03    5.24E+00    5.24E+00    5.24E+00    5.24E+00    5.24E+00    5.24E+00    5.24E+00    5.24E+00    5.24E+00    5.24E+00    5.24E+00
  109.08E-03    5.24E+00    5.24E+00    5.24E+00    5.24E+00    5.24E+00    5.24E+00    5.24E+00    5.24E+00    5.24E+00    5.24E+00    5.24E+00
  113.80E-03    5.24E+00    5.24E+00    5.24E+00    5.24E+00    5.24E+00    5.24E+00    5.24E+00    5.24E+00    5.24E+00    5.24E+00    5.24E+00
  118.72E-03    5.24E+00    5.24E+00    5.24E+00    5.24E+00    5.24E+00    5.24E+00    5.24E+00    5.24E+00    5.24E+00    5.24E+00    5.24E+00
  123.85E-03    5.24E+00    5.24E+00    5.24E+00    5.24E+00    5.24E+00    5.24E+00    5.24E+00    5.24E+00    5.24E+00    5.24E+00    5.24E+00
  129.21E-03    5.24E+00    5.24E+00    5.24E+00    5.24E+00    5.24E+00    5.24E+00    5.24E+00    5.24E+00    5.24E+00    5.24E+00    5.24E+00
  134.79E-03    5.24E+00    5.24E+00    5.24E+00    5.24E+00    5.24E+00    5.24E+00    5.24E+00    5.24E+00    5.24E+00    5.24E+00    5.24E+00
  140.62E-03    5.24E+00    5.24E+00    5.24E+00    5.24E+00    5.24E+00    5.24E+00    5.24E+00    5.24E+00    5.24E+00    5.24E+00    5.24E+00
  146.70E-03    5.24E+00    5.24E+00    5.24E+00    5.24E+00    5.24E+00    5.24E+00    5.24E+00    5.24E+00    5.24E+00    5.24E+00    5.24E+00
  153.05E-03    5.24E+00    5.24E+00    5.24E+00    5.24E+00    5.24E+00    5.24E+00    5.24E+00    5.24E+00    5.24E+00    5.24E+00    5.24E+00
  159.67E-03    5.24E+00    5.24E+00    5.24E+00    5.24E+00    5.24E+00    5.24E+00    5.24E+00    5.24E+00    5.24E+00    5.24E+00    5.24E+00
  166.57E-03    5.24E+00    5.24E+00    5.24E+00    5.24E+00    5.24E+00    5.24E+00    5.24E+00    5.24E+00    5.24E+00    5.24E+00    5.24E+00
  173.77E-03    5.24E+00    5.24E+00    5.24E+00    5.24E+00    5.24E+00    5.24E+00    5.24E+00    5.24E+00    5.24E+00    5.24E+00    5.24E+00
  181.29E-03    5.24E+00    5.24E+00    5.24E+00    5.24E+00    5.24E+00    5.24E+00    5.24E+00    5.24E+00    5.24E+00    5.24E+00    5.24E+00
  189.13E-03    5.24E+00    5.24E+00    5.24E+00    5.24E+00    5.24E+00    5.24E+00    5.24E+00    5.24E+00    5.24E+00    5.24E+00    5.24E+00
  197.31E-03    5.24E+00    5.24E+00    5.24E+00    5.24E+00    5.24E+00    5.24E+00    5.24E+00    5.24E+00    5.24E+00    5.24E+00    5.24E+00
  205.84E-03    5.24E+00    5.24E+00    5.24E+00    5.24E+00    5.24E+00    5.24E+00    5.24E+00    5.24E+00    5.24E+00    5.24E+00    5.24E+00
  214.74E-03    5.24E+00    5.24E+00    5.24E+00    5.24E+00    5.24E+00    5.24E+00    5.24E+00    5.24E+00    5.24E+00    5.24E+00    5.24E+00
  224.03E-03    5.24E+00    5.24E+00    5.24E+00    5.24E+00    5.24E+00    5.24E+00    5.24E+00    5.24E+00    5.24E+00    5.24E+00    5.24E+00
  233.71E-03    5.24E+00    5.24E+00    5.24E+00    5.24E+00    5.24E+00    5.24E+00    5.24E+00    5.24E+00    5.24E+00    5.24E+00    5.24E+00
  243.82E-03    5.24E+00    5.24E+00    5.24E+00    5.24E+00    5.24E+00    5.24E+00    5.24E+00    5.24E+00    5.24E+00    5.24E+00    5.24E+00
  254.36E-03    5.24E+00    5.24E+00    5.24E+00    5.24E+00    5.24E+00    5.24E+00    5.24E+00    5.24E+00    5.24E+00    5.24E+00    5.24E+00
  265.36E-03    5.24E+00    5.24E+00    5.24E+00    5.24E+00    5.24E+00    5.24E+00    5.24E+00    5.24E+00    5.24E+00    5.24E+00    5.24E+00
  276.84E-03    5.24E+00    5.24E+00    5.24E+00    5.24E+00    5.24E+00    5.24E+00    5.24E+00    5.24E+00    5.24E+00    5.24E+00    5.24E+00
  288.81E-03    5.24E+00    5.24E+00    5.24E+00    5.24E+00    5.24E+00    5.24E+00    5.24E+00    5.24E+00    5.24E+00    5.24E+00    5.24E+00
  301.30E-03    5.24E+00    5.24E+00    5.24E+00    5.24E+00    5.24E+00    5.24E+00    5.24E+00    5.24E+00    5.24E+00    5.24E+00    5.24E+00
  314.33E-03    5.24E+00    5.24E+00    5.24E+00    5.24E+00    5.24E+00    5.24E+00    5.24E+00    5.24E+00    5.24E+00    5.24E+00    5.24E+00
  327.92E-03    5.24E+00    5.24E+00    5.24E+00    5.24E+00    5.24E+00    5.24E+00    5.24E+00    5.24E+00    5.24E+00    5.24E+00    5.24E+00
  342.10E-03    5.24E+00    5.24E+00    5.24E+00    5.24E+00    5.24E+00    5.24E+00    5.24E+00    5.24E+00    5.24E+00    5.24E+00    5.24E+00
  356.90E-03    5.24E+00    5.24E+00    5.24E+00    5.24E+00    5.24E+00    5.24E+00    5.24E+00    5.24E+00    5.24E+00    5.24E+00    5.24E+00
  372.33E-03    5.24E+00    5.24E+00    5.24E+00    5.24E+00    5.24E+00    5.24E+00    5.24E+00    5.24E+00    5.24E+00    5.24E+00    5.24E+00
  388.43E-03    5.24E+00    5.24E+00    5.24E+00    5.24E+00    5.24E+00    5.24E+00    5.24E+00    5.24E+00    5.24E+00    5.24E+00    5.24E+00
  405.23E-03    5.24E+00    5.24E+00    5.24E+00    5.24E+00    5.24E+00    5.24E+00    5.24E+00    5.24E+00    5.24E+00    5.24E+00    5.24E+00
  422.75E-03    5.24E+00    5.24E+00    5.24E+00    5.24E+00    5.24E+00    5.24E+00    5.24E+00    5.24E+00    5.24E+00    5.24E+00    5.24E+00
  441.04E-03    5.24E+00    5.24E+00    5.24E+00    5.24E+00    5.24E+00    5.24E+00    5.24E+00    5.24E+00    5.24E+00    5.24E+00    5.24E+00
  460.11E-03    5.24E+00    5.24E+00    5.24E+00    5.24E+00    5.24E+00    5.24E+00    5.24E+00    5.24E+00    5.24E+00    5.24E+00    5.24E+00
  480.00E-03    5.24E+00    5.24E+00    5.24E+00    5.24E+00    5.24E+00    5.24E+00    5.24E+00    5.24E+00    5.24E+00    5.24E+00    5.24E+00
  500.76E-03    5.24E+00    5.24E+00    5.24E+00    5.24E+00    5.24E+00    5.24E+00    5.24E+00    5.24E+00    5.24E+00    5.24E+00    5.24E+00
  522.42E-03    5.24E+00    5.24E+00    5.24E+00    5.24E+00    5.24E+00    5.24E+00    5.24E+00    5.24E+00    5.24E+00    5.24E+00    5.24E+00
  545.01E-03    5.24E+00    5.24E+00    5.24E+00    5.24E+00    5.24E+00    5.24E+00    5.24E+00    5.24E+00    5.24E+00    5.24E+00    5.24E+00
  568.58E-03    5.24E+00    5.24E+00    5.24E+00    5.24E+00    5.24E+00    5.24E+00    5.24E+00    5.24E+00    5.24E+00    5.24E+00    5.24E+00
  593.16E-03    5.24E+00    5.24E+00    5.24E+00    5.24E+00    5.24E+00    5.24E+00    5.24E+00    5.24E+00    5.24E+00    5.24E+00    5.24E+00
  618.82E-03    5.24E+00    5.24E+00    5.24E+00    5.24E+00    5.24E+00    5.24E+00    5.24E+00    5.24E+00    5.24E+00    5.24E+00    5.24E+00
  645.58E-03    5.24E+00    5.24E+00    5.24E+00    5.24E+00    5.24E+00    5.24E+00    5.24E+00    5.24E+00    5.24E+00    5.24E+00    5.24E+00
  673.49E-03    5.24E+00    5.24E+00    5.24E+00    5.24E+00    5.24E+00    5.24E+00    5.24E+00    5.24E+00    5.24E+00    5.24E+00    5.24E+00
  702.62E-03    5.24E+00    5.24E+00    5.24E+00    5.24E+00    5.24E+00    5.24E+00    5.24E+00    5.24E+00    5.24E+00    5.24E+00    5.24E+00
  733.00E-03    5.24E+00    5.24E+00    5.24E+00    5.24E+00    5.24E+00    5.24E+00    5.24E+00    5.24E+00    5.24E+00    5.24E+00    5.24E+00
  764.70E-03    5.24E+00    5.24E+00    5.24E+00    5.24E+00    5.24E+00    5.24E+00    5.24E+00    5.24E+00    5.24E+00    5.24E+00    5.24E+00
  797.77E-03    5.24E+00    5.24E+00    5.24E+00    5.24E+00    5.24E+00    5.24E+00    5.24E+00    5.24E+00    5.24E+00    5.24E+00    5.24E+00
  832.27E-03    5.24E+00    5.24E+00    5.24E+00    5.24E+00    5.24E+00    5.24E+00    5.24E+00    5.24E+00    5.24E+00    5.24E+00    5.24E+00
  868.26E-03    5.24E+00    5.24E+00    5.24E+00    5.24E+00    5.24E+00    5.24E+00    5.24E+00    5.24E+00    5.24E+00    5.24E+00    5.24E+00
  905.80E-03    5.24E+00    5.24E+00    5.24E+00    5.24E+00    5.24E+00    5.24E+00    5.24E+00    5.24E+00    5.24E+00    5.24E+00    5.24E+00
  944.97E-03    5.24E+00    5.24E+00    5.24E+00    5.24E+00    5.24E+00    5.24E+00    5.24E+00    5.24E+00    5.24E+00    5.24E+00    5.24E+00
  985.84E-03    5.24E+00    5.24E+00    5.24E+00    5.24E+00    5.24E+00    5.24E+00    5.24E+00    5.24E+00    5.24E+00    5.24E+00    5.24E+00
    1.03E+00    5.24E+00    5.24E+00    5.24E+00    5.24E+00    5.24E+00    5.24E+00    5.24E+00    5.24E+00    5.24E+00    5.24E+00    5.24E+00
    1.07E+00    5.24E+00    5.24E+00    5.24E+00    5.24E+00    5.24E+00    5.24E+00    5.24E+00    5.24E+00    5.24E+00    5.24E+00    5.24E+00
    1.12E+00    5.24E+00    5.24E+00    5.24E+00    5.24E+00    5.24E+00    5.24E+00    5.24E+00    5.24E+00    5.24E+00    5.24E+00    5.24E+00
    1.17E+00    5.24E+00    5.24E+00    5.24E+00    5.24E+00    5.24E+00    5.24E+00    5.24E+00    5.24E+00    5.24E+00    5.24E+00    5.24E+00
    1.22E+00    5.24E+00    5.24E+00    5.24E+00    5.24E+00    5.24E+00    5.24E+00    5.24E+00    5.24E+00    5.24E+00    5.24E+00    5.24E+00
    1.27E+00    5.24E+00    5.24E+00    5.24E+00    5.24E+00    5.24E+00    5.24E+00    5.24E+00    5.24E+00    5.24E+00    5.24E+00    5.24E+00
    1.33E+00    5.24E+00    5.24E+00    5.24E+00    5.24E+00    5.24E+00    5.24E+00    5.24E+00    5.24E+00    5.24E+00    5.24E+00    5.24E+00
    1.38E+00    5.24E+00    5.24E+00    5.24E+00    5.24E+00    5.24E+00    5.24E+00    5.24E+00    5.24E+00    5.24E+00    5.24E+00    5.24E+00
    1.44E+00    5.24E+00    5.24E+00    5.24E+00    5.24E+00    5.24E+00    5.24E+00    5.24E+00    5.24E+00    5.24E+00    5.24E+00    5.24E+00
    1.51E+00    5.24E+00    5.24E+00    5.24E+00    5.24E+00    5.24E+00    5.24E+00    5.24E+00    5.24E+00    5.24E+00    5.24E+00    5.24E+00
    1.57E+00    5.24E+00    5.24E+00    5.24E+00    5.24E+00    5.24E+00    5.24E+00    5.24E+00    5.24E+00    5.24E+00    5.24E+00    5.24E+00
    1.64E+00    5.24E+00    5.24E+00    5.24E+00    5.24E+00    5.24E+00    5.24E+00    5.24E+00    5.24E+00    5.24E+00    5.24E+00    5.24E+00
    1.71E+00    5.24E+00    5.24E+00    5.24E+00    5.24E+00    5.24E+00    5.24E+00    5.24E+00    5.24E+00    5.24E+00    5.24E+00    5.24E+00
    1.78E+00    5.24E+00    5.24E+00    5.24E+00    5.24E+00    5.24E+00    5.24E+00    5.24E+00    5.24E+00    5.24E+00    5.24E+00    5.24E+00
    1.86E+00    5.24E+00    5.24E+00    5.24E+00    5.24E+00    5.24E+00    5.24E+00    5.24E+00    5.24E+00    5.24E+00    5.24E+00    5.24E+00
    1.94E+00    5.24E+00    5.24E+00    5.24E+00    5.24E+00    5.24E+00    5.24E+00    5.24E+00    5.24E+00    5.24E+00    5.24E+00    5.24E+00
    2.02E+00    5.24E+00    5.24E+00    5.24E+00    5.24E+00    5.24E+00    5.24E+00    5.24E+00    5.24E+00    5.24E+00    5.24E+00    5.24E+00
    2.11E+00    5.24E+00    5.24E+00    5.24E+00    5.24E+00    5.24E+00    5.24E+00    5.24E+00    5.24E+00    5.24E+00    5.24E+00    5.24E+00
    2.20E+00    5.24E+00    5.24E+00    5.24E+00    5.24E+00    5.24E+00    5.24E+00    5.24E+00    5.24E+00    5.24E+00    5.24E+00    5.24E+00
    2.30E+00    5.24E+00    5.24E+00    5.24E+00    5.24E+00    5.24E+00    5.24E+00    5.24E+00    5.24E+00    5.24E+00    5.24E+00    5.24E+00
    2.40E+00    5.24E+00    5.24E+00    5.24E+00    5.24E+00    5.24E+00    5.24E+00    5.24E+00    5.24E+00    5.24E+00    5.24E+00    5.24E+00
    2.50E+00    5.24E+00    5.24E+00    5.24E+00    5.24E+00    5.24E+00    5.24E+00    5.24E+00    5.24E+00    5.24E+00    5.24E+00    5.24E+00
    2.61E+00    5.24E+00    5.24E+00    5.24E+00    5.24E+00    5.24E+00    5.24E+00    5.24E+00    5.24E+00    5.24E+00    5.24E+00    5.24E+00
    2.72E+00    5.24E+00    5.24E+00    5.24E+00    5.24E+00    5.24E+00    5.24E+00    5.24E+00    5.24E+00    5.24E+00    5.24E+00    5.24E+00
    2.84E+00    5.24E+00    5.24E+00    5.24E+00    5.24E+00    5.24E+00    5.24E+00    5.24E+00    5.24E+00    5.24E+00    5.24E+00    5.24E+00
    2.96E+00    5.24E+00    5.24E+00    5.24E+00    5.24E+00    5.24E+00    5.24E+00    5.24E+00    5.24E+00    5.24E+00    5.24E+00    5.24E+00
    3.09E+00    5.24E+00    5.24E+00    5.24E+00    5.24E+00    5.24E+00    5.24E+00    5.24E+00    5.24E+00    5.24E+00    5.24E+00    5.24E+00
    3.23E+00    5.24E+00    5.24E+00    5.24E+00    5.24E+00    5.24E+00    5.24E+00    5.24E+00    5.24E+00    5.24E+00    5.24E+00    5.24E+00
    3.37E+00    5.24E+00    5.24E+00    5.24E+00    5.24E+00    5.24E+00    5.24E+00    5.24E+00    5.24E+00    5.24E+00    5.24E+00    5.24E+00
    3.51E+00    5.24E+00    5.24E+00    5.24E+00    5.24E+00    5.24E+00    5.24E+00    5.24E+00    5.24E+00    5.24E+00    5.24E+00    5.24E+00
    3.66E+00    5.24E+00    5.24E+00    5.24E+00    5.24E+00    5.24E+00    5.24E+00    5.24E+00    5.24E+00    5.24E+00    5.24E+00    5.24E+00
    3.82E+00    5.24E+00    5.24E+00    5.24E+00    5.24E+00    5.24E+00    5.24E+00    5.24E+00    5.24E+00    5.24E+00    5.24E+00    5.24E+00
    3.99E+00    5.24E+00    5.24E+00    5.24E+00    5.24E+00    5.24E+00    5.24E+00    5.24E+00    5.24E+00    5.24E+00    5.24E+00    5.24E+00
    4.16E+00    5.24E+00    5.24E+00    5.24E+00    5.24E+00    5.24E+00    5.24E+00    5.24E+00    5.24E+00    5.24E+00    5.24E+00    5.24E+00
    4.34E+00    5.24E+00    5.24E+00    5.24E+00    5.24E+00    5.24E+00    5.24E+00    5.24E+00    5.24E+00    5.24E+00    5.24E+00    5.24E+00
    4.53E+00    5.24E+00    5.24E+00    5.24E+00    5.24E+00    5.24E+00    5.24E+00    5.24E+00    5.24E+00    5.24E+00    5.24E+00    5.24E+00
    4.72E+00    5.24E+00    5.24E+00    5.24E+00    5.24E+00    5.24E+00    5.24E+00    5.24E+00    5.24E+00    5.24E+00    5.24E+00    5.24E+00
    4.93E+00    5.24E+00    5.24E+00    5.24E+00    5.24E+00    5.24E+00    5.24E+00    5.24E+00    5.24E+00    5.24E+00    5.24E+00    5.24E+00
    5.14E+00    5.24E+00    5.24E+00    5.24E+00    5.24E+00    5.24E+00    5.24E+00    5.24E+00    5.24E+00    5.24E+00    5.24E+00    5.24E+00
    5.36E+00    5.24E+00    5.24E+00    5.24E+00    5.24E+00    5.24E+00    5.24E+00    5.24E+00    5.24E+00    5.24E+00    5.24E+00    5.24E+00
    5.59E+00    5.24E+00    5.24E+00    5.24E+00    5.24E+00    5.24E+00    5.24E+00    5.24E+00    5.24E+00    5.24E+00    5.24E+00    5.24E+00
    5.83E+00    5.24E+00    5.24E+00    5.24E+00    5.24E+00    5.24E+00    5.24E+00    5.24E+00    5.24E+00    5.24E+00    5.24E+00    5.24E+00
    6.09E+00    5.24E+00    5.24E+00    5.24E+00    5.24E+00    5.24E+00    5.24E+00    5.24E+00    5.24E+00    5.24E+00    5.24E+00    5.24E+00
    6.35E+00    5.24E+00    5.24E+00    5.24E+00    5.24E+00    5.24E+00    5.24E+00    5.24E+00    5.24E+00    5.24E+00    5.24E+00    5.24E+00
    6.62E+00    5.24E+00    5.24E+00    5.24E+00    5.24E+00    5.24E+00    5.24E+00    5.24E+00    5.24E+00    5.24E+00    5.24E+00    5.24E+00
    6.91E+00    5.24E+00    5.24E+00    5.24E+00    5.24E+00    5.24E+00    5.24E+00    5.24E+00    5.24E+00    5.24E+00    5.24E+00    5.24E+00
    7.21E+00    5.24E+00    5.24E+00    5.24E+00    5.24E+00    5.24E+00    5.24E+00    5.24E+00    5.24E+00    5.24E+00    5.24E+00    5.24E+00
    7.52E+00    5.24E+00    5.24E+00    5.24E+00    5.24E+00    5.24E+00    5.24E+00    5.24E+00    5.24E+00    5.24E+00    5.24E+00    5.24E+00
    7.85E+00    5.24E+00    5.24E+00    5.24E+00    5.24E+00    5.24E+00    5.24E+00    5.24E+00    5.24E+00    5.24E+00    5.24E+00    5.24E+00
    8.19E+00    5.24E+00    5.24E+00    5.24E+00    5.24E+00    5.24E+00    5.24E+00    5.24E+00    5.24E+00    5.24E+00    5.24E+00    5.24E+00
    8.54E+00    5.24E+00    5.24E+00    5.24E+00    5.24E+00    5.24E+00    5.24E+00    5.24E+00    5.24E+00    5.24E+00    5.24E+00    5.24E+00
    8.91E+00    5.24E+00    5.24E+00    5.24E+00    5.24E+00    5.24E+00    5.24E+00    5.24E+00    5.24E+00    5.24E+00    5.24E+00    5.24E+00
    9.30E+00    5.24E+00    5.24E+00    5.24E+00    5.24E+00    5.24E+00    5.24E+00    5.24E+00    5.24E+00    5.24E+00    5.24E+00    5.24E+00
    9.70E+00    5.24E+00    5.24E+00    5.24E+00    5.24E+00    5.24E+00    5.24E+00    5.24E+00    5.24E+00    5.24E+00    5.24E+00    5.24E+00
   10.12E+00    5.24E+00    5.24E+00    5.24E+00    5.24E+00    5.24E+00    5.24E+00    5.24E+00    5.24E+00    5.24E+00    5.24E+00    5.24E+00
   10.55E+00    5.25E+00    5.25E+00    5.25E+00    5.25E+00    5.25E+00    5.25E+00    5.25E+00    5.25E+00    5.25E+00    5.25E+00    5.25E+00
   11.01E+00    5.25E+00    5.25E+00    5.25E+00    5.25E+00    5.25E+00    5.25E+00    5.25E+00    5.25E+00    5.25E+00    5.25E+00    5.25E+00
   11.49E+00    5.25E+00    5.25E+00    5.25E+00    5.25E+00    5.25E+00    5.25E+00    5.25E+00    5.25E+00    5.25E+00    5.25E+00    5.25E+00
   11.98E+00    5.25E+00    5.25E+00    5.25E+00    5.25E+00    5.25E+00    5.25E+00    5.25E+00    5.25E+00    5.25E+00    5.25E+00    5.25E+00
   12.50E+00    5.25E+00    5.25E+00    5.25E+00    5.25E+00    5.25E+00    5.25E+00    5.25E+00    5.25E+00    5.25E+00    5.25E+00    5.25E+00
   13.04E+00    5.25E+00    5.25E+00    5.25E+00    5.25E+00    5.25E+00    5.25E+00    5.25E+00    5.25E+00    5.25E+00    5.25E+00    5.25E+00
   13.61E+00    5.25E+00    5.25E+00    5.25E+00    5.25E+00    5.25E+00    5.25E+00    5.25E+00    5.25E+00    5.25E+00    5.25E+00    5.25E+00
   14.19E+00    5.25E+00    5.25E+00    5.25E+00    5.25E+00    5.25E+00    5.25E+00    5.25E+00    5.25E+00    5.25E+00    5.25E+00    5.25E+00
   14.81E+00    5.25E+00    5.25E+00    5.25E+00    5.25E+00    5.25E+00    5.25E+00    5.25E+00    5.25E+00    5.25E+00    5.25E+00    5.25E+00
   15.45E+00    5.25E+00    5.25E+00    5.25E+00    5.25E+00    5.25E+00    5.25E+00    5.25E+00    5.25E+00    5.25E+00    5.25E+00    5.25E+00
   16.12E+00    5.26E+00    5.26E+00    5.26E+00    5.26E+00    5.26E+00    5.26E+00    5.26E+00    5.26E+00    5.26E+00    5.26E+00    5.26E+00
   16.81E+00    5.26E+00    5.26E+00    5.26E+00    5.26E+00    5.26E+00    5.26E+00    5.26E+00    5.26E+00    5.26E+00    5.26E+00    5.26E+00
   17.54E+00    5.26E+00    5.26E+00    5.26E+00    5.26E+00    5.26E+00    5.26E+00    5.26E+00    5.26E+00    5.26E+00    5.26E+00    5.26E+00
   18.30E+00    5.26E+00    5.26E+00    5.26E+00    5.26E+00    5.26E+00    5.26E+00    5.26E+00    5.26E+00    5.26E+00    5.26E+00    5.26E+00
   19.09E+00    5.26E+00    5.26E+00    5.26E+00    5.26E+00    5.26E+00    5.26E+00    5.26E+00    5.26E+00    5.26E+00    5.26E+00    5.26E+00
   19.92E+00    5.26E+00    5.26E+00    5.26E+00    5.26E+00    5.26E+00    5.26E+00    5.26E+00    5.26E+00    5.26E+00    5.26E+00    5.26E+00
   20.78E+00    5.27E+00    5.27E+00    5.27E+00    5.27E+00    5.27E+00    5.27E+00    5.27E+00    5.27E+00    5.27E+00    5.27E+00    5.27E+00
   21.68E+00    5.27E+00    5.27E+00    5.27E+00    5.27E+00    5.27E+00    5.27E+00    5.27E+00    5.27E+00    5.27E+00    5.27E+00    5.27E+00
   22.61E+00    5.27E+00    5.27E+00    5.27E+00    5.27E+00    5.27E+00    5.27E+00    5.27E+00    5.27E+00    5.27E+00    5.27E+00    5.27E+00
   23.59E+00    5.27E+00    5.27E+00    5.27E+00    5.27E+00    5.27E+00    5.27E+00    5.27E+00    5.27E+00    5.27E+00    5.27E+00    5.27E+00
   24.61E+00    5.28E+00    5.28E+00    5.28E+00    5.28E+00    5.28E+00    5.28E+00    5.28E+00    5.28E+00    5.28E+00    5.28E+00    5.28E+00
   25.68E+00    5.28E+00    5.28E+00    5.28E+00    5.28E+00    5.28E+00    5.28E+00    5.28E+00    5.28E+00    5.28E+00    5.28E+00    5.28E+00
   26.79E+00    5.29E+00    5.29E+00    5.29E+00    5.29E+00    5.29E+00    5.29E+00    5.29E+00    5.29E+00    5.29E+00    5.29E+00    5.29E+00
   27.94E+00    5.29E+00    5.29E+00    5.29E+00    5.29E+00    5.29E+00    5.29E+00    5.29E+00    5.29E+00    5.29E+00    5.29E+00    5.29E+00
   29.15E+00    5.29E+00    5.29E+00    5.29E+00    5.29E+00    5.29E+00    5.29E+00    5.29E+00    5.29E+00    5.29E+00    5.29E+00    5.29E+00
   30.41E+00    5.30E+00    5.30E+00    5.30E+00    5.30E+00    5.30E+00    5.30E+00    5.30E+00    5.30E+00    5.30E+00    5.30E+00    5.30E+00
   31.73E+00    5.31E+00    5.31E+00    5.31E+00    5.31E+00    5.31E+00    5.31E+00    5.31E+00    5.31E+00    5.31E+00    5.31E+00    5.31E+00
   33.10E+00    5.31E+00    5.31E+00    5.31E+00    5.31E+00    5.31E+00    5.31E+00    5.31E+00    5.31E+00    5.31E+00    5.31E+00    5.31E+00
   34.53E+00    5.32E+00    5.32E+00    5.32E+00    5.32E+00    5.32E+00    5.32E+00    5.32E+00    5.32E+00    5.32E+00    5.32E+00    5.32E+00
   36.03E+00    5.33E+00    5.33E+00    5.33E+00    5.33E+00    5.33E+00    5.33E+00    5.33E+00    5.33E+00    5.33E+00    5.33E+00    5.33E+00
   37.58E+00    5.33E+00    5.33E+00    5.33E+00    5.33E+00    5.33E+00    5.33E+00    5.33E+00    5.33E+00    5.33E+00    5.33E+00    5.33E+00
   39.21E+00    5.34E+00    5.34E+00    5.34E+00    5.34E+00    5.34E+00    5.34E+00    5.34E+00    5.34E+00    5.34E+00    5.34E+00    5.34E+00
   40.90E+00    5.35E+00    5.35E+00    5.35E+00    5.35E+00    5.35E+00    5.35E+00    5.35E+00    5.35E+00    5.35E+00    5.35E+00    5.35E+00
   42.67E+00    5.36E+00    5.36E+00    5.36E+00    5.36E+00    5.36E+00    5.36E+00    5.36E+00    5.36E+00    5.36E+00    5.36E+00    5.36E+00
   44.52E+00    5.37E+00    5.37E+00    5.37E+00    5.37E+00    5.37E+00    5.37E+00    5.37E+00    5.37E+00    5.37E+00    5.37E+00    5.37E+00
   46.44E+00    5.38E+00    5.38E+00    5.38E+00    5.38E+00    5.38E+00    5.38E+00    5.38E+00    5.38E+00    5.38E+00    5.38E+00    5.38E+00
   48.45E+00    5.40E+00    5.40E+00    5.40E+00    5.40E+00    5.40E+00    5.40E+00    5.40E+00    5.40E+00    5.40E+00    5.40E+00    5.40E+00
   50.55E+00    5.41E+00    5.41E+00    5.41E+00    5.41E+00    5.41E+00    5.41E+00    5.41E+00    5.41E+00    5.41E+00    5.41E+00    5.41E+00
   52.73E+00    5.43E+00    5.43E+00    5.43E+00    5.43E+00    5.43E+00    5.43E+00    5.43E+00    5.43E+00    5.43E+00    5.43E+00    5.43E+00
   55.01E+00    5.44E+00    5.44E+00    5.44E+00    5.44E+00    5.44E+00    5.44E+00    5.44E+00    5.44E+00    5.44E+00    5.44E+00    5.44E+00
   57.39E+00    5.46E+00    5.46E+00    5.46E+00    5.46E+00    5.46E+00    5.46E+00    5.46E+00    5.46E+00    5.46E+00    5.46E+00    5.46E+00
   59.87E+00    5.48E+00    5.48E+00    5.48E+00    5.48E+00    5.48E+00    5.48E+00    5.48E+00    5.48E+00    5.48E+00    5.48E+00    5.48E+00
   62.46E+00    5.51E+00    5.51E+00    5.51E+00    5.51E+00    5.51E+00    5.51E+00    5.51E+00    5.51E+00    5.51E+00    5.51E+00    5.51E+00
   65.16E+00    5.53E+00    5.53E+00    5.53E+00    5.53E+00    5.53E+00    5.53E+00    5.53E+00    5.53E+00    5.53E+00    5.53E+00    5.53E+00
   67.98E+00    5.56E+00    5.56E+00    5.56E+00    5.56E+00    5.56E+00    5.56E+00    5.56E+00    5.56E+00    5.56E+00    5.56E+00    5.56E+00
   70.92E+00    5.59E+00    5.59E+00    5.59E+00    5.59E+00    5.59E+00    5.59E+00    5.59E+00    5.59E+00    5.59E+00    5.59E+00    5.59E+00
   73.99E+00    5.62E+00    5.62E+00    5.62E+00    5.62E+00    5.62E+00    5.62E+00    5.62E+00    5.62E+00    5.62E+00    5.62E+00    5.62E+00
   77.19E+00    5.66E+00    5.66E+00    5.66E+00    5.66E+00    5.66E+00    5.66E+00    5.66E+00    5.66E+00    5.66E+00    5.66E+00    5.66E+00
   80.53E+00    5.70E+00    5.70E+00    5.70E+00    5.70E+00    5.70E+00    5.70E+00    5.70E+00    5.70E+00    5.70E+00    5.70E+00    5.70E+00
   84.01E+00    5.74E+00    5.74E+00    5.74E+00    5.74E+00    5.74E+00    5.74E+00    5.74E+00    5.74E+00    5.74E+00    5.74E+00    5.74E+00
   87.64E+00    5.79E+00    5.79E+00    5.79E+00    5.79E+00    5.79E+00    5.79E+00    5.79E+00    5.79E+00    5.79E+00    5.79E+00    5.79E+00
   91.43E+00    5.84E+00    5.84E+00    5.84E+00    5.84E+00    5.84E+00    5.84E+00    5.84E+00    5.84E+00    5.84E+00    5.84E+00    5.84E+00
   95.39E+00    5.90E+00    5.90E+00    5.90E+00    5.90E+00    5.90E+00    5.90E+00    5.90E+00    5.90E+00    5.90E+00    5.90E+00    5.90E+00
   99.51E+00    5.96E+00    5.96E+00    5.96E+00    5.96E+00    5.96E+00    5.96E+00    5.96E+00    5.96E+00    5.96E+00    5.96E+00    5.96E+00
  103.81E+00    6.03E+00    6.03E+00    6.03E+00    6.03E+00    6.03E+00    6.03E+00    6.03E+00    6.03E+00    6.03E+00    6.03E+00    6.03E+00
  108.30E+00    6.11E+00    6.11E+00    6.11E+00    6.11E+00    6.11E+00    6.11E+00    6.11E+00    6.11E+00    6.11E+00    6.11E+00    6.11E+00
  112.99E+00    6.19E+00    6.19E+00    6.19E+00    6.19E+00    6.19E+00    6.19E+00    6.19E+00    6.19E+00    6.19E+00    6.19E+00    6.19E+00
  117.87E+00    6.29E+00    6.29E+00    6.29E+00    6.29E+00    6.29E+00    6.29E+00    6.29E+00    6.29E+00    6.29E+00    6.29E+00    6.29E+00
  122.97E+00    6.40E+00    6.40E+00    6.40E+00    6.40E+00    6.40E+00    6.40E+00    6.40E+00    6.40E+00    6.40E+00    6.40E+00    6.40E+00
  128.29E+00    6.52E+00    6.52E+00    6.52E+00    6.52E+00    6.52E+00    6.52E+00    6.52E+00    6.52E+00    6.52E+00    6.52E+00    6.52E+00
  133.84E+00    6.65E+00    6.65E+00    6.65E+00    6.65E+00    6.65E+00    6.65E+00    6.65E+00    6.65E+00    6.65E+00    6.65E+00    6.65E+00
  139.62E+00    6.80E+00    6.80E+00    6.80E+00    6.80E+00    6.80E+00    6.80E+00    6.80E+00    6.80E+00    6.80E+00    6.80E+00    6.80E+00
  145.66E+00    6.97E+00    6.97E+00    6.97E+00    6.97E+00    6.97E+00    6.97E+00    6.97E+00    6.97E+00    6.97E+00    6.97E+00    6.97E+00
  151.96E+00    7.16E+00    7.16E+00    7.16E+00    7.16E+00    7.16E+00    7.16E+00    7.16E+00    7.16E+00    7.16E+00    7.16E+00    7.16E+00
  158.53E+00    7.38E+00    7.38E+00    7.38E+00    7.38E+00    7.38E+00    7.38E+00    7.38E+00    7.38E+00    7.38E+00    7.38E+00    7.38E+00
  165.39E+00    7.62E+00    7.62E+00    7.62E+00    7.62E+00    7.62E+00    7.62E+00    7.62E+00    7.62E+00    7.62E+00    7.62E+00    7.62E+00
  172.54E+00    7.90E+00    7.90E+00    7.90E+00    7.90E+00    7.90E+00    7.90E+00    7.90E+00    7.90E+00    7.90E+00    7.90E+00    7.90E+00
  180.00E+00    8.23E+00    8.23E+00    8.23E+00    8.23E+00    8.23E+00    8.23E+00    8.23E+00    8.23E+00    8.23E+00    8.23E+00    8.23E+00
