        #psi         z0.         z1.        z10.       z100.      z1000.     z10000.        z-1.       z-10.      z-100.     z-1000.    z-10000.
    1.00E-06    2.20E+00   -4.51E+06  -46.13E+03 -461.37E+00   -4.61E+00  -46.14E-03    4.51E+06   46.13E+03  461.37E+00    4.61E+00   46.14E-03
    1.04E-06    2.30E+00   -4.70E+06  -48.12E+03 -481.32E+00   -4.81E+00  -48.13E-03    4.70E+06   48.12E+03  481.32E+00    4.81E+00   48.13E-03
    1.09E-06    4.79E+00   -4.91E+06  -50.20E+03 -502.14E+00   -5.02E+00  -50.21E-03    4.91E+06   50.20E+03  502.14E+00    5.02E+00   50.21E-03
    1.14E-06    5.00E+00   -5.12E+06  -52.37E+03 -523.85E+00   -5.24E+00  -52.39E-03    5.12E+06   52.37E+03  523.85E+00    5.24E+00   52.39E-03
    1.18E-06    5.21E+00   -5.34E+06  -54.64E+03 -546.51E+00   -5.47E+00  -54.65E-03    5.34E+06   54.64E+03  546.51E+00    5.47E+00   54.65E-03
    1.24E-06    5.44E+00   -5.57E+06  -57.00E+03 -570.14E+00   -5.70E+00  -57.01E-03    5.57E+06   57.00E+03  570.14E+00    5.70E+00   57.01E-03
    1.29E-06    5.67E+00   -5.81E+06  -59.47E+03 -594.79E+00   -5.95E+00  -59.48E-03    5.81E+06   59.47E+03  594.79E+00    5.95E+00   59.48E-03
    1.34E-06    5.92E+00   -6.06E+06  -62.04E+03 -620.51E+00   -6.21E+00  -62.05E-03    6.06E+06   62.04E+03  620.51E+00    6.21E+00   62.05E-03
    1.40E-06    2.18E+00   -6.18E+06  -64.70E+03 -647.35E+00   -6.47E+00  -64.73E-03    6.18E+06   64.70E+03  647.35E+00    6.47E+00   64.73E-03
    1.46E-06    2.28E+00   -6.45E+06  -67.50E+03 -675.34E+00   -6.75E+00  -67.53E-03    6.45E+06   67.50E+03  675.34E+00    6.75E+00   67.53E-03
    1.53E-06    2.38E+00   -6.73E+06  -70.42E+03 -704.54E+00   -7.05E+00  -70.45E-03    6.73E+06   70.42E+03  704.54E+00    7.05E+00   70.45E-03
    1.59E-06    2.48E+00   -7.02E+06  -73.47E+03 -735.01E+00   -7.35E+00  -73.50E-03    7.02E+06   73.47E+03  735.01E+00    7.35E+00   73.50E-03
    1.66E-06    3.88E+00   -7.32E+06  -76.64E+03 -766.80E+00   -7.67E+00  -76.68E-03    7.32E+06   76.64E+03  766.80E+00    7.67E+00   76.68E-03
    1.73E-06    4.05E+00   -7.64E+06  -79.96E+03 -799.96E+00   -8.00E+00  -80.00E-03    7.64E+06   79.96E+03  799.96E+00    8.00E+00   80.00E-03
    1.81E-06    4.22E+00   -7.97E+06  -83.42E+03 -834.55E+00   -8.35E+00  -83.46E-03    7.97E+06   83.42E+03  834.55E+00    8.35E+00   83.46E-03
    1.89E-06    3.20E+00   -8.13E+06  -87.00E+03 -870.64E+00   -8.71E+00  -87.06E-03    8.13E+06   87.00E+03  870.64E+00    8.71E+00   87.06E-03
    1.97E-06    3.33E+00   -8.48E+06  -90.77E+03 -908.29E+00   -9.08E+00  -90.83E-03    8.48E+06   90.77E+03  908.29E+00    9.08E+00   90.83E-03
    2.05E-06    4.35E+00   -8.85E+06  -94.69E+03 -947.57E+00   -9.48E+00  -94.76E-03    8.85E+06   94.69E+03  947.57E+00    9.48E+00   94.76E-03
    2.14E-06    4.54E+00   -9.23E+06  -98.79E+03 -988.54E+00   -9.89E+00  -98.85E-03    9.23E+06   98.79E+03  988.54E+00    9.89E+00   98.85E-03
    2.24E-06    3.07E+00   -9.42E+06 -103.03E+03   -1.03E+03  -10.31E+00 -103.13E-03    9.42E+06  103.03E+03    1.03E+03   10.31E+00  103.13E-03
    2.33E-06    3.21E+00   -9.82E+06 -107.49E+03   -1.08E+03  -10.76E+00 -107.59E-03    9.82E+06  107.49E+03    1.08E+03   10.76E+00  107.59E-03
    2.43E-06    2.87E+00  -10.03E+06 -112.11E+03   -1.12E+03  -11.22E+00 -112.24E-03   10.03E+06  112.11E+03    1.12E+03   11.22E+00  112.24E-03
    2.54E-06    3.50E+00  -10.46E+06 -116.96E+03   -1.17E+03  -11.71E+00 -117.10E-03   10.46E+06  116.96E+03    1.17E+03   11.71E+00  117.10E-03
    2.65E-06    3.17E+00  -10.68E+06 -121.99E+03   -1.22E+03  -12.22E+00 -122.16E-03   10.68E+06  121.99E+03    1.22E+03   12.22E+00  122.16E-03
    2.76E-06    3.31E+00  -11.14E+06 -127.26E+03   -1.27E+03  -12.74E+00 -127.44E-03   11.14E+06  127.26E+03    1.27E+03   12.74E+00  127.44E-03
    2.88E-06    3.45E+00  -11.62E+06 -132.77E+03   -1.33E+03  -13.30E+00 -132.95E-03   11.62E+06  132.77E+03    1.33E+03   13.30E+00  132.95E-03
    3.01E-06    3.21E+00  -11.87E+06 -138.48E+03   -1.39E+03  -13.87E+00 -138.70E-03   11.87E+06  138.48E+03    1.39E+03   13.87E+00  138.70E-03
    3.14E-06    3.73E+00  -12.38E+06 -144.46E+03   -1.45E+03  -14.47E+00 -144.70E-03   12.38E+06  144.46E+03    1.45E+03   14.47E+00  144.70E-03
    3.27E-06    2.93E+00  -12.39E+06 -150.64E+03   -1.51E+03  -15.10E+00 -150.96E-03   12.39E+06  150.64E+03    1.51E+03   15.10E+00  150.96E-03
    3.41E-06    3.34E+00  -12.93E+06 -157.15E+03   -1.57E+03  -15.75E+00 -157.49E-03   12.93E+06  157.15E+03    1.57E+03   15.75E+00  157.49E-03
    3.56E-06    3.22E+00  -13.21E+06 -163.91E+03   -1.64E+03  -16.43E+00 -164.30E-03   13.21E+06  163.91E+03    1.64E+03   16.43E+00  164.30E-03
    3.72E-06    3.14E+00  -13.51E+06 -170.96E+03   -1.71E+03  -17.14E+00 -171.40E-03   13.51E+06  170.96E+03    1.71E+03   17.14E+00  171.40E-03
    3.88E-06    3.28E+00  -13.82E+06 -178.31E+03   -1.79E+03  -17.88E+00 -178.81E-03   13.82E+06  178.31E+03    1.79E+03   17.88E+00  178.81E-03
    4.04E-06    3.23E+00  -14.14E+06 -185.98E+03   -1.87E+03  -18.65E+00 -186.55E-03   14.14E+06  185.98E+03    1.87E+03   18.65E+00  186.55E-03
    4.22E-06    3.19E+00  -14.46E+06 -193.98E+03   -1.95E+03  -19.46E+00 -194.61E-03   14.46E+06  193.98E+03    1.95E+03   19.46E+00  194.61E-03
    4.40E-06    3.18E+00  -14.53E+06 -202.27E+03   -2.03E+03  -20.30E+00 -203.03E-03   14.53E+06  202.27E+03    2.03E+03   20.30E+00  203.03E-03
    4.59E-06    3.17E+00  -14.88E+06 -210.97E+03   -2.12E+03  -21.18E+00 -211.81E-03   14.88E+06  210.97E+03    2.12E+03   21.18E+00  211.81E-03
    4.79E-06    3.31E+00  -15.24E+06 -220.04E+03   -2.21E+03  -22.10E+00 -220.97E-03   15.24E+06  220.04E+03    2.21E+03   22.10E+00  220.97E-03
    5.00E-06    3.20E+00  -15.33E+06 -229.45E+03   -2.31E+03  -23.05E+00 -230.52E-03   15.33E+06  229.45E+03    2.31E+03   23.05E+00  230.52E-03
    5.21E-06    3.34E+00  -15.71E+06 -239.31E+03   -2.40E+03  -24.05E+00 -240.49E-03   15.71E+06  239.31E+03    2.40E+03   24.05E+00  240.49E-03
    5.44E-06    3.15E+00  -15.56E+06 -249.49E+03   -2.51E+03  -25.09E+00 -250.89E-03   15.56E+06  249.49E+03    2.51E+03   25.09E+00  250.89E-03
    5.67E-06    3.29E+00  -15.96E+06 -260.22E+03   -2.62E+03  -26.17E+00 -261.74E-03   15.96E+06  260.22E+03    2.62E+03   26.17E+00  261.74E-03
    5.92E-06    3.16E+00  -15.84E+06 -271.28E+03   -2.73E+03  -27.31E+00 -273.06E-03   15.84E+06  271.28E+03    2.73E+03   27.31E+00  273.06E-03
    6.17E-06    3.22E+00  -16.00E+06 -282.88E+03   -2.85E+03  -28.49E+00 -284.87E-03   16.00E+06  282.88E+03    2.85E+03   28.49E+00  284.87E-03
    6.44E-06    3.21E+00  -15.93E+06 -294.90E+03   -2.97E+03  -29.72E+00 -297.19E-03   15.93E+06  294.90E+03    2.97E+03   29.72E+00  297.19E-03
    6.72E-06    3.22E+00  -15.87E+06 -307.44E+03   -3.10E+03  -31.00E+00 -310.04E-03   15.87E+06  307.44E+03    3.10E+03   31.00E+00  310.04E-03
    7.01E-06    3.23E+00  -15.84E+06 -320.51E+03   -3.23E+03  -32.34E+00 -323.45E-03   15.84E+06  320.51E+03    3.23E+03   32.34E+00  323.45E-03
    7.31E-06    3.25E+00  -15.83E+06 -334.14E+03   -3.37E+03  -33.74E+00 -337.43E-03   15.83E+06  334.14E+03    3.37E+03   33.74E+00  337.43E-03
    7.63E-06    3.28E+00  -15.62E+06 -348.26E+03   -3.52E+03  -35.20E+00 -352.03E-03   15.62E+06  348.26E+03    3.52E+03   35.20E+00  352.03E-03
    7.96E-06    3.27E+00  -15.45E+06 -362.99E+03   -3.67E+03  -36.72E+00 -367.25E-03   15.45E+06  362.99E+03    3.67E+03   36.72E+00  367.25E-03
    8.30E-06    3.22E+00  -15.11E+06 -378.24E+03   -3.83E+03  -38.31E+00 -383.13E-03   15.11E+06  378.24E+03    3.83E+03   38.31E+00  383.13E-03
    8.66E-06    3.28E+00  -15.00E+06 -394.23E+03   -4.00E+03  -39.97E+00 -399.70E-03   15.00E+06  394.23E+03    4.00E+03   39.97E+00  399.70E-03
    9.04E-06    3.23E+00  -14.57E+06 -410.71E+03   -4.17E+03  -41.70E+00 -416.98E-03   14.57E+06  410.71E+03    4.17E+03   41.70E+00  416.98E-03
    9.43E-06    3.29E+00  -14.36E+06 -427.97E+03   -4.35E+03  -43.50E+00 -435.02E-03   14.36E+06  427.97E+03    4.35E+03   43.50E+00  435.02E-03
    9.84E-06    3.23E+00  -13.88E+06 -445.76E+03   -4.54E+03  -45.38E+00 -453.83E-03   13.88E+06  445.76E+03    4.54E+03   45.38E+00  453.83E-03
   10.26E-06    3.25E+00  -13.60E+06 -464.39E+03   -4.73E+03  -47.35E+00 -473.45E-03   13.60E+06  464.39E+03    4.73E+03   47.35E+00  473.45E-03
   10.71E-06    3.23E+00  -13.10E+06 -483.58E+03   -4.94E+03  -49.39E+00 -493.93E-03   13.10E+06  483.58E+03    4.94E+03   49.39E+00  493.93E-03
   11.17E-06    3.24E+00  -12.68E+06 -503.56E+03   -5.15E+03  -51.53E+00 -515.29E-03   12.68E+06  503.56E+03    5.15E+03   51.53E+00  515.29E-03
   11.65E-06    3.27E+00  -12.31E+06 -524.36E+03   -5.37E+03  -53.76E+00 -537.57E-03   12.31E+06  524.36E+03    5.37E+03   53.76E+00  537.57E-03
   12.16E-06    3.25E+00  -11.79E+06 -545.78E+03   -5.61E+03  -56.08E+00 -560.82E-03   11.79E+06  545.78E+03    5.61E+03   56.08E+00  560.82E-03
   12.68E-06    3.27E+00  -11.35E+06 -568.07E+03   -5.85E+03  -58.51E+00 -585.07E-03   11.35E+06  568.08E+03    5.85E+03   58.51E+00  585.07E-03
   13.23E-06    3.27E+00  -10.89E+06 -591.15E+03   -6.10E+03  -61.04E+00 -610.37E-03   10.89E+06  591.15E+03    6.10E+03   61.04E+00  610.37E-03
   13.80E-06    3.24E+00  -10.34E+06 -614.87E+03   -6.37E+03  -63.68E+00 -636.76E-03   10.34E+06  614.87E+03    6.37E+03   63.68E+00  636.76E-03
   14.40E-06    3.26E+00   -9.88E+06 -639.56E+03   -6.64E+03  -66.43E+00 -664.30E-03    9.88E+06  639.56E+03    6.64E+03   66.43E+00  664.30E-03
   15.02E-06    3.24E+00   -9.37E+06 -664.94E+03   -6.93E+03  -69.30E+00 -693.03E-03    9.37E+06  664.94E+03    6.93E+03   69.30E+00  693.03E-03
   15.67E-06    3.27E+00   -8.93E+06 -691.32E+03   -7.23E+03  -72.30E+00 -723.00E-03    8.93E+06  691.32E+03    7.23E+03   72.30E+00  723.00E-03
   16.35E-06    3.25E+00   -8.42E+06 -718.28E+03   -7.54E+03  -75.43E+00 -754.26E-03    8.42E+06  718.28E+03    7.54E+03   75.43E+00  754.26E-03
   17.06E-06    3.26E+00   -7.99E+06 -746.29E+03   -7.86E+03  -78.69E+00 -786.88E-03    7.99E+06  746.29E+03    7.86E+03   78.69E+00  786.88E-03
   17.79E-06    3.27E+00   -7.55E+06 -775.05E+03   -8.20E+03  -82.09E+00 -820.91E-03    7.55E+06  775.05E+03    8.20E+03   82.09E+00  820.91E-03
   18.56E-06    3.25E+00   -7.09E+06 -804.39E+03   -8.56E+03  -85.64E+00 -856.41E-03    7.09E+06  804.39E+03    8.56E+03   85.64E+00  856.41E-03
   19.36E-06    3.26E+00   -6.70E+06 -834.86E+03   -8.93E+03  -89.34E+00 -893.44E-03    6.70E+06  834.86E+03    8.93E+03   89.34E+00  893.44E-03
   20.20E-06    3.25E+00   -6.27E+06 -865.72E+03   -9.31E+03  -93.21E+00 -932.08E-03    6.27E+06  865.72E+03    9.31E+03   93.21E+00  932.08E-03
   21.08E-06    3.26E+00   -5.89E+06 -897.54E+03   -9.72E+03  -97.24E+00 -972.38E-03    5.89E+06  897.54E+03    9.72E+03   97.24E+00  972.38E-03
   21.99E-06    3.27E+00   -5.51E+06 -929.94E+03  -10.14E+03 -101.44E+00   -1.01E+00    5.51E+06  929.94E+03   10.14E+03  101.44E+00    1.01E+00
   22.94E-06    3.26E+00   -5.15E+06 -962.91E+03  -10.57E+03 -105.83E+00   -1.06E+00    5.15E+06  962.91E+03   10.57E+03  105.83E+00    1.06E+00
   23.93E-06    3.26E+00   -4.81E+06 -996.42E+03  -11.03E+03 -110.41E+00   -1.10E+00    4.81E+06  996.42E+03   11.03E+03  110.41E+00    1.10E+00
   24.96E-06    3.26E+00   -4.49E+06   -1.03E+06  -11.50E+03 -115.18E+00   -1.15E+00    4.49E+06    1.03E+06   11.50E+03  115.18E+00    1.15E+00
   26.04E-06    3.26E+00   -4.18E+06   -1.06E+06  -12.00E+03 -120.16E+00   -1.20E+00    4.18E+06    1.06E+06   12.00E+03  120.16E+00    1.20E+00
   27.17E-06    3.26E+00   -3.89E+06   -1.10E+06  -12.52E+03 -125.36E+00   -1.25E+00    3.89E+06    1.10E+06   12.52E+03  125.36E+00    1.25E+00
   28.35E-06    3.25E+00   -3.62E+06   -1.13E+06  -13.06E+03 -130.78E+00   -1.31E+00    3.62E+06    1.13E+06   13.06E+03  130.78E+00    1.31E+00
   29.57E-06    3.26E+00   -3.36E+06   -1.17E+06  -13.62E+03 -136.43E+00   -1.36E+00    3.36E+06    1.17E+06   13.62E+03  136.43E+00    1.36E+00
   30.85E-06    3.26E+00   -3.12E+06   -1.20E+06  -14.21E+03 -142.33E+00   -1.42E+00    3.12E+06    1.20E+06   14.21E+03  142.33E+00    1.42E+00
   32.18E-06    3.25E+00   -2.89E+06   -1.24E+06  -14.82E+03 -148.49E+00   -1.48E+00    2.89E+06    1.24E+06   14.82E+03  148.49E+00    1.48E+00
   33.58E-06    3.26E+00   -2.68E+06   -1.27E+06  -15.46E+03 -154.91E+00   -1.55E+00    2.68E+06    1.27E+06   15.46E+03  154.91E+00    1.55E+00
   35.03E-06    3.25E+00   -2.49E+06   -1.31E+06  -16.12E+03 -161.61E+00   -1.62E+00    2.49E+06    1.31E+06   16.12E+03  161.61E+00    1.62E+00
   36.54E-06    3.25E+00   -2.30E+06   -1.34E+06  -16.82E+03 -168.59E+00   -1.69E+00    2.30E+06    1.34E+06   16.82E+03  168.59E+00    1.69E+00
   38.12E-06    3.26E+00   -2.13E+06   -1.37E+06  -17.54E+03 -175.88E+00   -1.76E+00    2.13E+06    1.37E+06   17.54E+03  175.88E+00    1.76E+00
   39.77E-06    3.25E+00   -1.97E+06   -1.40E+06  -18.30E+03 -183.49E+00   -1.83E+00    1.97E+06    1.40E+06   18.30E+03  183.49E+00    1.83E+00
   41.49E-06    3.26E+00   -1.82E+06   -1.43E+06  -19.08E+03 -191.42E+00   -1.91E+00    1.82E+06    1.43E+06   19.08E+03  191.42E+00    1.91E+00
   43.29E-06    3.26E+00   -1.68E+06   -1.46E+06  -19.90E+03 -199.70E+00   -2.00E+00    1.68E+06    1.46E+06   19.90E+03  199.70E+00    2.00E+00
   45.16E-06    3.26E+00   -1.55E+06   -1.49E+06  -20.76E+03 -208.34E+00   -2.08E+00    1.55E+06    1.49E+06   20.76E+03  208.34E+00    2.08E+00
   47.11E-06    3.26E+00   -1.43E+06   -1.51E+06  -21.65E+03 -217.35E+00   -2.17E+00    1.43E+06    1.51E+06   21.65E+03  217.35E+00    2.17E+00
   49.15E-06    3.26E+00   -1.32E+06   -1.53E+06  -22.57E+03 -226.74E+00   -2.27E+00    1.32E+06    1.53E+06   22.57E+03  226.74E+00    2.27E+00
   51.27E-06    3.25E+00   -1.22E+06   -1.55E+06  -23.54E+03 -236.55E+00   -2.37E+00    1.22E+06    1.55E+06   23.54E+03  236.55E+00    2.37E+00
   53.49E-06    3.26E+00   -1.12E+06   -1.57E+06  -24.55E+03 -246.78E+00   -2.47E+00    1.12E+06    1.57E+06   24.55E+03  246.78E+00    2.47E+00
   55.80E-06    3.26E+00   -1.04E+06   -1.58E+06  -25.60E+03 -257.45E+00   -2.57E+00    1.04E+06    1.58E+06   25.60E+03  257.45E+00    2.57E+00
   58.22E-06    3.26E+00 -955.69E+03   -1.59E+06  -26.69E+03 -268.58E+00   -2.69E+00  955.70E+03    1.59E+06   26.69E+03  268.58E+00    2.69E+00
   60.73E-06    3.26E+00 -880.59E+03   -1.59E+06  -27.83E+03 -280.19E+00   -2.80E+00  880.60E+03    1.59E+06   27.83E+03  280.19E+00    2.80E+00
   63.36E-06    3.26E+00 -811.19E+03   -1.60E+06  -29.02E+03 -292.31E+00   -2.92E+00  811.19E+03    1.60E+06   29.02E+03  292.31E+00    2.92E+00
   66.10E-06    3.26E+00 -747.35E+03   -1.60E+06  -30.25E+03 -304.94E+00   -3.05E+00  747.36E+03    1.60E+06   30.25E+03  304.94E+00    3.05E+00
   68.96E-06    3.26E+00 -688.05E+03   -1.59E+06  -31.54E+03 -318.13E+00   -3.18E+00  688.06E+03    1.59E+06   31.54E+03  318.13E+00    3.18E+00
   71.94E-06    3.26E+00 -633.60E+03   -1.58E+06  -32.88E+03 -331.88E+00   -3.32E+00  633.60E+03    1.58E+06   32.88E+03  331.88E+00    3.32E+00
   75.05E-06    3.26E+00 -583.02E+03   -1.57E+06  -34.27E+03 -346.23E+00   -3.46E+00  583.03E+03    1.57E+06   34.27E+03  346.23E+00    3.46E+00
   78.30E-06    3.26E+00 -536.76E+03   -1.55E+06  -35.72E+03 -361.20E+00   -3.61E+00  536.77E+03    1.55E+06   35.72E+03  361.20E+00    3.61E+00
   81.68E-06    3.26E+00 -493.92E+03   -1.53E+06  -37.22E+03 -376.82E+00   -3.77E+00  493.92E+03    1.53E+06   37.23E+03  376.82E+00    3.77E+00
   85.22E-06    3.26E+00 -454.54E+03   -1.50E+06  -38.79E+03 -393.11E+00   -3.93E+00  454.55E+03    1.50E+06   38.79E+03  393.11E+00    3.93E+00
   88.90E-06    3.26E+00 -418.17E+03   -1.48E+06  -40.42E+03 -410.10E+00   -4.10E+00  418.18E+03    1.48E+06   40.42E+03  410.10E+00    4.10E+00
   92.75E-06    3.26E+00 -384.75E+03   -1.44E+06  -42.12E+03 -427.83E+00   -4.28E+00  384.75E+03    1.44E+06   42.12E+03  427.83E+00    4.28E+00
   96.76E-06    3.26E+00 -353.87E+03   -1.41E+06  -43.88E+03 -446.33E+00   -4.46E+00  353.87E+03    1.41E+06   43.88E+03  446.33E+00    4.46E+00
  100.94E-06    3.26E+00 -325.45E+03   -1.37E+06  -45.70E+03 -465.62E+00   -4.66E+00  325.46E+03    1.37E+06   45.70E+03  465.62E+00    4.66E+00
  105.31E-06    3.26E+00 -299.34E+03   -1.33E+06  -47.60E+03 -485.75E+00   -4.86E+00  299.34E+03    1.33E+06   47.60E+03  485.75E+00    4.86E+00
  109.86E-06    3.26E+00 -275.29E+03   -1.29E+06  -49.57E+03 -506.75E+00   -5.07E+00  275.30E+03    1.29E+06   49.57E+03  506.75E+00    5.07E+00
  114.61E-06    3.26E+00 -253.14E+03   -1.24E+06  -51.62E+03 -528.65E+00   -5.29E+00  253.15E+03    1.24E+06   51.62E+03  528.65E+00    5.29E+00
  119.57E-06    3.26E+00 -232.78E+03   -1.20E+06  -53.73E+03 -551.50E+00   -5.52E+00  232.78E+03    1.20E+06   53.73E+03  551.50E+00    5.52E+00
  124.74E-06    3.26E+00 -214.01E+03   -1.15E+06  -55.93E+03 -575.33E+00   -5.75E+00  214.02E+03    1.15E+06   55.93E+03  575.33E+00    5.75E+00
  130.13E-06    3.26E+00 -196.76E+03   -1.10E+06  -58.20E+03 -600.20E+00   -6.00E+00  196.76E+03    1.10E+06   58.20E+03  600.20E+00    6.00E+00
  135.76E-06    3.26E+00 -180.89E+03   -1.06E+06  -60.55E+03 -626.14E+00   -6.26E+00  180.90E+03    1.06E+06   60.55E+03  626.14E+00    6.26E+00
  141.63E-06    3.26E+00 -166.29E+03   -1.01E+06  -62.99E+03 -653.19E+00   -6.53E+00  166.29E+03    1.01E+06   62.99E+03  653.19E+00    6.53E+00
  147.75E-06    3.26E+00 -152.87E+03 -958.13E+03  -65.50E+03 -681.42E+00   -6.82E+00  152.87E+03  958.13E+03   65.50E+03  681.42E+00    6.82E+00
  154.14E-06    3.26E+00 -140.51E+03 -910.10E+03  -68.09E+03 -710.86E+00   -7.11E+00  140.52E+03  910.11E+03   68.09E+03  710.86E+00    7.11E+00
  160.81E-06    3.26E+00 -129.16E+03 -862.78E+03  -70.77E+03 -741.57E+00   -7.42E+00  129.17E+03  862.78E+03   70.77E+03  741.57E+00    7.42E+00
  167.76E-06    3.26E+00 -118.72E+03 -816.30E+03  -73.53E+03 -773.61E+00   -7.74E+00  118.73E+03  816.31E+03   73.53E+03  773.61E+00    7.74E+00
  175.02E-06    3.26E+00 -109.12E+03 -770.88E+03  -76.37E+03 -807.02E+00   -8.07E+00  109.13E+03  770.89E+03   76.37E+03  807.02E+00    8.07E+00
  182.59E-06    3.26E+00 -100.29E+03 -726.70E+03  -79.29E+03 -841.88E+00   -8.42E+00  100.30E+03  726.70E+03   79.29E+03  841.88E+00    8.42E+00
  190.48E-06    3.26E+00  -92.18E+03 -683.89E+03  -82.28E+03 -878.24E+00   -8.79E+00   92.19E+03  683.93E+03   82.28E+03  878.24E+00    8.79E+00
  198.72E-06    3.26E+00  -84.72E+03 -642.61E+03  -85.36E+03 -916.16E+00   -9.17E+00   84.72E+03  642.61E+03   85.36E+03  916.16E+00    9.17E+00
  207.31E-06    3.26E+00  -77.86E+03 -602.85E+03  -88.50E+03 -955.72E+00   -9.56E+00   77.87E+03  602.88E+03   88.50E+03  955.72E+00    9.56E+00
  216.28E-06    3.26E+00  -71.55E+03 -564.79E+03  -91.71E+03 -996.98E+00   -9.98E+00   71.56E+03  564.79E+03   91.71E+03  996.98E+00    9.98E+00
  225.63E-06    3.26E+00  -65.76E+03 -528.38E+03  -94.99E+03   -1.04E+03  -10.41E+00   65.76E+03  528.39E+03   94.99E+03    1.04E+03   10.41E+00
  235.39E-06    3.26E+00  -60.43E+03 -493.71E+03  -98.33E+03   -1.08E+03  -10.86E+00   60.44E+03  493.72E+03   98.33E+03    1.08E+03   10.86E+00
  245.57E-06    3.26E+00  -55.53E+03 -460.75E+03 -101.71E+03   -1.13E+03  -11.33E+00   55.54E+03  460.75E+03  101.71E+03    1.13E+03   11.33E+00
  256.19E-06    3.26E+00  -51.03E+03 -429.52E+03 -105.14E+03   -1.18E+03  -11.82E+00   51.04E+03  429.53E+03  105.14E+03    1.18E+03   11.82E+00
  267.26E-06    3.26E+00  -46.90E+03 -399.98E+03 -108.61E+03   -1.23E+03  -12.33E+00   46.90E+03  399.98E+03  108.61E+03    1.23E+03   12.33E+00
  278.82E-06    3.26E+00  -43.10E+03 -372.11E+03 -112.10E+03   -1.28E+03  -12.86E+00   43.10E+03  372.11E+03  112.10E+03    1.28E+03   12.86E+00
  290.88E-06    3.26E+00  -39.60E+03 -345.85E+03 -115.60E+03   -1.34E+03  -13.42E+00   39.61E+03  345.86E+03  115.60E+03    1.34E+03   13.42E+00
  303.46E-06    3.26E+00  -36.39E+03 -321.18E+03 -119.10E+03   -1.40E+03  -14.00E+00   36.40E+03  321.19E+03  119.10E+03    1.40E+03   14.00E+00
  316.58E-06    3.26E+00  -33.44E+03 -298.04E+03 -122.58E+03   -1.46E+03  -14.61E+00   33.45E+03  298.04E+03  122.58E+03    1.46E+03   14.61E+00
  330.27E-06    3.26E+00  -30.73E+03 -276.35E+03 -126.04E+03   -1.52E+03  -15.24E+00   30.73E+03  276.36E+03  126.04E+03    1.52E+03   15.24E+00
  344.55E-06    3.26E+00  -28.24E+03 -256.06E+03 -129.44E+03   -1.59E+03  -15.90E+00   28.24E+03  256.07E+03  129.45E+03    1.59E+03   15.90E+00
  359.45E-06    3.26E+00  -25.94E+03 -237.11E+03 -132.78E+03   -1.65E+03  -16.58E+00   25.95E+03  237.12E+03  132.78E+03    1.65E+03   16.58E+00
  375.00E-06    3.26E+00  -23.84E+03 -219.43E+03 -136.03E+03   -1.73E+03  -17.30E+00   23.85E+03  219.44E+03  136.04E+03    1.73E+03   17.30E+00
  391.21E-06    3.26E+00  -21.91E+03 -202.96E+03 -139.18E+03   -1.80E+03  -18.05E+00   21.91E+03  202.97E+03  139.18E+03    1.80E+03   18.05E+00
  408.13E-06    3.26E+00  -20.13E+03 -187.63E+03 -142.18E+03   -1.88E+03  -18.83E+00   20.14E+03  187.64E+03  142.19E+03    1.88E+03   18.83E+00
  425.78E-06    3.26E+00  -18.50E+03 -173.37E+03 -145.04E+03   -1.96E+03  -19.64E+00   18.50E+03  173.38E+03  145.04E+03    1.96E+03   19.64E+00
  444.19E-06    3.26E+00  -16.99E+03 -160.13E+03 -147.71E+03   -2.04E+03  -20.49E+00   17.00E+03  160.14E+03  147.71E+03    2.04E+03   20.49E+00
  463.40E-06    3.26E+00  -15.62E+03 -147.84E+03 -150.18E+03   -2.13E+03  -21.38E+00   15.62E+03  147.85E+03  150.18E+03    2.13E+03   21.38E+00
  483.44E-06    3.26E+00  -14.35E+03 -136.44E+03 -152.41E+03   -2.22E+03  -22.30E+00   14.35E+03  136.45E+03  152.42E+03    2.22E+03   22.30E+00
  504.35E-06    3.26E+00  -13.18E+03 -125.87E+03 -154.40E+03   -2.32E+03  -23.27E+00   13.19E+03  125.88E+03  154.40E+03    2.32E+03   23.27E+00
  526.16E-06    3.26E+00  -12.11E+03 -116.09E+03 -156.10E+03   -2.42E+03  -24.27E+00   12.12E+03  116.10E+03  156.10E+03    2.42E+03   24.27E+00
  548.91E-06    3.26E+00  -11.13E+03 -107.03E+03 -157.49E+03   -2.52E+03  -25.32E+00   11.14E+03  107.04E+03  157.50E+03    2.52E+03   25.32E+00
  572.65E-06    3.26E+00  -10.23E+03  -98.66E+03 -158.57E+03   -2.63E+03  -26.42E+00   10.23E+03   98.67E+03  158.57E+03    2.63E+03   26.42E+00
  597.41E-06    3.26E+00   -9.40E+03  -90.92E+03 -159.29E+03   -2.74E+03  -27.56E+00    9.40E+03   90.92E+03  159.30E+03    2.74E+03   27.56E+00
  623.24E-06    3.26E+00   -8.63E+03  -83.76E+03 -159.66E+03   -2.85E+03  -28.75E+00    8.64E+03   83.77E+03  159.66E+03    2.85E+03   28.75E+00
  650.20E-06    3.26E+00   -7.93E+03  -77.15E+03 -159.65E+03   -2.98E+03  -30.00E+00    7.94E+03   77.16E+03  159.65E+03    2.98E+03   30.00E+00
  678.31E-06    3.26E+00   -7.29E+03  -71.05E+03 -159.25E+03   -3.10E+03  -31.29E+00    7.29E+03   71.06E+03  159.26E+03    3.10E+03   31.29E+00
  707.65E-06    3.26E+00   -6.70E+03  -65.42E+03 -158.46E+03   -3.23E+03  -32.65E+00    6.70E+03   65.43E+03  158.47E+03    3.23E+03   32.65E+00
  738.25E-06    3.26E+00   -6.15E+03  -60.22E+03 -157.28E+03   -3.37E+03  -34.06E+00    6.16E+03   60.23E+03  157.28E+03    3.37E+03   34.06E+00
  770.17E-06    3.26E+00   -5.65E+03  -55.43E+03 -155.70E+03   -3.51E+03  -35.53E+00    5.66E+03   55.44E+03  155.70E+03    3.51E+03   35.53E+00
  803.48E-06    3.26E+00   -5.19E+03  -51.02E+03 -153.73E+03   -3.66E+03  -37.07E+00    5.20E+03   51.02E+03  153.73E+03    3.66E+03   37.07E+00
  838.22E-06    3.26E+00   -4.77E+03  -46.95E+03 -151.38E+03   -3.82E+03  -38.67E+00    4.78E+03   46.95E+03  151.39E+03    3.82E+03   38.67E+00
  874.47E-06    3.26E+00   -4.38E+03  -43.19E+03 -148.68E+03   -3.98E+03  -40.34E+00    4.39E+03   43.20E+03  148.68E+03    3.98E+03   40.34E+00
  912.29E-06    3.26E+00   -4.03E+03  -39.74E+03 -145.63E+03   -4.14E+03  -42.08E+00    4.03E+03   39.74E+03  145.63E+03    4.14E+03   42.08E+00
  951.74E-06    3.26E+00   -3.70E+03  -36.55E+03 -142.25E+03   -4.32E+03  -43.90E+00    3.71E+03   36.56E+03  142.26E+03    4.32E+03   43.90E+00
  992.89E-06    3.26E+00   -3.40E+03  -33.62E+03 -138.59E+03   -4.50E+03  -45.80E+00    3.41E+03   33.63E+03  138.60E+03    4.50E+03   45.80E+00
    1.04E-03    3.26E+00   -3.12E+03  -30.92E+03 -134.66E+03   -4.69E+03  -47.78E+00    3.13E+03   30.93E+03  134.67E+03    4.69E+03   47.78E+00
    1.08E-03    3.26E+00   -2.87E+03  -28.44E+03 -130.50E+03   -4.88E+03  -49.85E+00    2.88E+03   28.44E+03  130.51E+03    4.88E+03   49.85E+00
    1.13E-03    3.26E+00   -2.64E+03  -26.15E+03 -126.14E+03   -5.08E+03  -52.00E+00    2.64E+03   26.16E+03  126.14E+03    5.08E+03   52.00E+00
    1.18E-03    3.26E+00   -2.42E+03  -24.05E+03 -121.61E+03   -5.29E+03  -54.25E+00    2.43E+03   24.05E+03  121.62E+03    5.29E+03   54.25E+00
    1.23E-03    3.26E+00   -2.23E+03  -22.11E+03 -116.95E+03   -5.51E+03  -56.59E+00    2.23E+03   22.12E+03  116.96E+03    5.51E+03   56.59E+00
    1.28E-03    3.26E+00   -2.04E+03  -20.33E+03 -112.20E+03   -5.73E+03  -59.04E+00    2.05E+03   20.33E+03  112.21E+03    5.73E+03   59.04E+00
    1.34E-03    3.26E+00   -1.88E+03  -18.69E+03 -107.38E+03   -5.96E+03  -61.59E+00    1.88E+03   18.69E+03  107.39E+03    5.96E+03   61.59E+00
    1.39E-03    3.26E+00   -1.73E+03  -17.18E+03 -102.54E+03   -6.20E+03  -64.25E+00    1.73E+03   17.19E+03  102.54E+03    6.20E+03   64.25E+00
    1.45E-03    3.26E+00   -1.59E+03  -15.79E+03  -97.69E+03   -6.45E+03  -67.03E+00    1.59E+03   15.80E+03   97.70E+03    6.45E+03   67.03E+00
    1.52E-03    3.26E+00   -1.46E+03  -14.52E+03  -92.87E+03   -6.71E+03  -69.92E+00    1.46E+03   14.52E+03   92.88E+03    6.71E+03   69.92E+00
    1.58E-03    3.26E+00   -1.34E+03  -13.34E+03  -88.11E+03   -6.97E+03  -72.95E+00    1.34E+03   13.35E+03   88.12E+03    6.97E+03   72.95E+00
    1.65E-03    3.26E+00   -1.23E+03  -12.27E+03  -83.43E+03   -7.24E+03  -76.10E+00    1.24E+03   12.27E+03   83.43E+03    7.24E+03   76.10E+00
    1.72E-03    3.26E+00   -1.13E+03  -11.27E+03  -78.84E+03   -7.53E+03  -79.38E+00    1.14E+03   11.28E+03   78.85E+03    7.53E+03   79.38E+00
    1.80E-03    3.26E+00   -1.04E+03  -10.36E+03  -74.37E+03   -7.81E+03  -82.81E+00    1.04E+03   10.37E+03   74.38E+03    7.81E+03   82.81E+00
    1.87E-03    3.26E+00 -952.61E+00   -9.52E+03  -70.04E+03   -8.11E+03  -86.39E+00  959.13E+00    9.53E+03   70.05E+03    8.11E+03   86.39E+00
    1.95E-03    3.26E+00 -875.01E+00   -8.75E+03  -65.85E+03   -8.41E+03  -90.12E+00  881.53E+00    8.76E+03   65.85E+03    8.42E+03   90.12E+00
    2.04E-03    3.26E+00 -803.71E+00   -8.04E+03  -61.81E+03   -8.73E+03  -94.01E+00  810.23E+00    8.05E+03   61.82E+03    8.73E+03   94.01E+00
    2.13E-03    3.26E+00 -738.20E+00   -7.39E+03  -57.94E+03   -9.05E+03  -98.07E+00  744.71E+00    7.40E+03   57.95E+03    9.05E+03   98.07E+00
    2.22E-03    3.26E+00 -678.01E+00   -6.79E+03  -54.23E+03   -9.37E+03 -102.30E+00  684.52E+00    6.80E+03   54.24E+03    9.37E+03  102.30E+00
    2.32E-03    3.26E+00 -622.70E+00   -6.24E+03  -50.70E+03   -9.70E+03 -106.72E+00  629.21E+00    6.25E+03   50.70E+03    9.70E+03  106.72E+00
    2.42E-03    3.26E+00 -571.88E+00   -5.74E+03  -47.34E+03  -10.04E+03 -111.32E+00  578.40E+00    5.74E+03   47.34E+03   10.04E+03  111.32E+00
    2.52E-03    3.26E+00 -525.19E+00   -5.27E+03  -44.14E+03  -10.38E+03 -116.13E+00  531.70E+00    5.28E+03   44.15E+03   10.38E+03  116.13E+00
    2.63E-03    3.26E+00 -482.29E+00   -4.84E+03  -41.13E+03  -10.73E+03 -121.14E+00  488.80E+00    4.85E+03   41.13E+03   10.73E+03  121.14E+00
    2.74E-03    3.26E+00 -442.87E+00   -4.45E+03  -38.27E+03  -11.07E+03 -126.36E+00  449.39E+00    4.46E+03   38.28E+03   11.07E+03  126.36E+00
    2.86E-03    3.26E+00 -406.65E+00   -4.09E+03  -35.59E+03  -11.42E+03 -131.81E+00  413.17E+00    4.10E+03   35.59E+03   11.42E+03  131.81E+00
    2.98E-03    3.26E+00 -373.38E+00   -3.76E+03  -33.06E+03  -11.77E+03 -137.49E+00  379.89E+00    3.76E+03   33.07E+03   11.77E+03  137.49E+00
    3.11E-03    3.26E+00 -342.80E+00   -3.45E+03  -30.68E+03  -12.12E+03 -143.41E+00  349.31E+00    3.46E+03   30.69E+03   12.12E+03  143.42E+00
    3.25E-03    3.26E+00 -314.71E+00   -3.17E+03  -28.46E+03  -12.47E+03 -149.59E+00  321.22E+00    3.18E+03   28.47E+03   12.47E+03  149.59E+00
    3.39E-03    3.26E+00 -288.89E+00   -2.92E+03  -26.38E+03  -12.81E+03 -156.03E+00  295.40E+00    2.92E+03   26.38E+03   12.81E+03  156.04E+00
    3.54E-03    3.26E+00 -265.17E+00   -2.68E+03  -24.43E+03  -13.15E+03 -162.75E+00  271.69E+00    2.68E+03   24.44E+03   13.15E+03  162.75E+00
    3.69E-03    3.26E+00 -243.38E+00   -2.46E+03  -22.61E+03  -13.48E+03 -169.75E+00  249.89E+00    2.47E+03   22.62E+03   13.48E+03  169.76E+00
    3.85E-03    3.26E+00 -223.36E+00   -2.26E+03  -20.92E+03  -13.80E+03 -177.06E+00  229.87E+00    2.27E+03   20.93E+03   13.80E+03  177.06E+00
    4.01E-03    3.26E+00 -204.96E+00   -2.08E+03  -19.34E+03  -14.10E+03 -184.67E+00  211.47E+00    2.08E+03   19.35E+03   14.10E+03  184.67E+00
    4.19E-03    3.26E+00 -188.06E+00   -1.91E+03  -17.88E+03  -14.39E+03 -192.60E+00  194.57E+00    1.92E+03   17.88E+03   14.40E+03  192.60E+00
    4.37E-03    3.26E+00 -172.53E+00   -1.75E+03  -16.51E+03  -14.67E+03 -200.87E+00  179.04E+00    1.76E+03   16.52E+03   14.67E+03  200.88E+00
    4.56E-03    3.26E+00 -158.25E+00   -1.61E+03  -15.25E+03  -14.92E+03 -209.49E+00  164.77E+00    1.62E+03   15.26E+03   14.93E+03  209.50E+00
    4.76E-03    3.26E+00 -145.14E+00   -1.48E+03  -14.07E+03  -15.16E+03 -218.48E+00  151.66E+00    1.49E+03   14.08E+03   15.16E+03  218.48E+00
    4.96E-03    3.26E+00 -133.10E+00   -1.36E+03  -12.99E+03  -15.36E+03 -227.84E+00  139.61E+00    1.37E+03   12.99E+03   15.37E+03  227.85E+00
    5.18E-03    3.26E+00 -122.03E+00   -1.25E+03  -11.98E+03  -15.55E+03 -237.60E+00  128.54E+00    1.26E+03   11.98E+03   15.55E+03  237.60E+00
    5.40E-03    3.26E+00 -111.85E+00   -1.15E+03  -11.04E+03  -15.70E+03 -247.77E+00  118.37E+00    1.15E+03   11.05E+03   15.70E+03  247.77E+00
    5.63E-03    3.26E+00 -102.51E+00   -1.05E+03  -10.18E+03  -15.82E+03 -258.36E+00  109.02E+00    1.06E+03   10.19E+03   15.82E+03  258.36E+00
    5.88E-03    3.26E+00  -93.92E+00 -968.20E+00   -9.38E+03  -15.90E+03 -269.39E+00  100.44E+00  974.71E+00    9.39E+03   15.91E+03  269.40E+00
    6.13E-03    3.26E+00  -86.03E+00 -889.35E+00   -8.64E+03  -15.95E+03 -280.88E+00   92.55E+00  895.87E+00    8.65E+03   15.96E+03  280.89E+00
    6.40E-03    3.26E+00  -78.78E+00 -816.91E+00   -7.96E+03  -15.97E+03 -292.85E+00   85.30E+00  823.42E+00    7.97E+03   15.97E+03  292.86E+00
    6.67E-03    3.26E+00  -72.12E+00 -750.34E+00   -7.33E+03  -15.94E+03 -305.31E+00   78.64E+00  756.86E+00    7.34E+03   15.95E+03  305.32E+00
    6.96E-03    3.26E+00  -66.00E+00 -689.18E+00   -6.75E+03  -15.88E+03 -318.28E+00   72.52E+00  695.69E+00    6.76E+03   15.88E+03  318.29E+00
    7.26E-03    3.26E+00  -60.38E+00 -632.98E+00   -6.22E+03  -15.78E+03 -331.78E+00   66.89E+00  639.49E+00    6.22E+03   15.78E+03  331.79E+00
    7.58E-03    3.26E+00  -55.21E+00 -581.33E+00   -5.72E+03  -15.63E+03 -345.83E+00   61.73E+00  587.85E+00    5.73E+03   15.64E+03  345.84E+00
    7.90E-03    3.26E+00  -50.47E+00 -533.88E+00   -5.27E+03  -15.45E+03 -360.45E+00   56.98E+00  540.40E+00    5.27E+03   15.46E+03  360.46E+00
    8.25E-03    3.26E+00  -46.11E+00 -490.28E+00   -4.85E+03  -15.23E+03 -375.65E+00   52.62E+00  496.80E+00    4.85E+03   15.24E+03  375.67E+00
    8.60E-03    3.26E+00  -42.10E+00 -450.22E+00   -4.46E+03  -14.97E+03 -391.46E+00   48.61E+00  456.74E+00    4.47E+03   14.98E+03  391.49E+00
    8.97E-03    3.26E+00  -38.42E+00 -413.41E+00   -4.10E+03  -14.68E+03 -407.90E+00   44.93E+00  419.93E+00    4.11E+03   14.69E+03  407.93E+00
    9.36E-03    3.26E+00  -35.03E+00 -379.59E+00   -3.77E+03  -14.36E+03 -424.98E+00   41.55E+00  386.10E+00    3.78E+03   14.36E+03  425.01E+00
    9.77E-03    3.26E+00  -31.92E+00 -348.51E+00   -3.47E+03  -14.00E+03 -442.73E+00   38.44E+00  355.03E+00    3.48E+03   14.01E+03  442.76E+00
   10.19E-03    3.26E+00  -29.07E+00 -319.96E+00   -3.19E+03  -13.62E+03 -461.16E+00   35.58E+00  326.47E+00    3.20E+03   13.63E+03  461.20E+00
   10.63E-03    3.26E+00  -26.44E+00 -293.72E+00   -2.94E+03  -13.21E+03 -480.30E+00   32.96E+00  300.23E+00    2.94E+03   13.22E+03  480.34E+00
   11.09E-03    3.26E+00  -24.03E+00 -269.61E+00   -2.70E+03  -12.78E+03 -500.15E+00   30.55E+00  276.13E+00    2.71E+03   12.79E+03  500.20E+00
   11.57E-03    3.26E+00  -21.82E+00 -247.46E+00   -2.48E+03  -12.34E+03 -520.74E+00   28.33E+00  253.98E+00    2.49E+03   12.34E+03  520.80E+00
   12.07E-03    3.26E+00  -19.78E+00 -227.11E+00   -2.28E+03  -11.87E+03 -542.09E+00   26.29E+00  233.62E+00    2.29E+03   11.88E+03  542.15E+00
   12.59E-03    3.26E+00  -17.91E+00 -208.41E+00   -2.10E+03  -11.40E+03 -564.21E+00   24.42E+00  214.92E+00    2.10E+03   11.41E+03  564.27E+00
   13.14E-03    3.26E+00  -16.19E+00 -191.23E+00   -1.93E+03  -10.92E+03 -587.10E+00   22.71E+00  197.74E+00    1.93E+03   10.93E+03  587.18E+00
   13.70E-03    3.26E+00  -14.61E+00 -175.44E+00   -1.77E+03  -10.44E+03 -610.80E+00   21.13E+00  181.95E+00    1.78E+03   10.45E+03  610.89E+00
   14.30E-03    3.26E+00  -13.16E+00 -160.93E+00   -1.63E+03   -9.95E+03 -635.30E+00   19.68E+00  167.44E+00    1.64E+03    9.96E+03  635.39E+00
   14.91E-03    3.26E+00  -11.83E+00 -147.60E+00   -1.50E+03   -9.47E+03 -660.60E+00   18.34E+00  154.12E+00    1.50E+03    9.48E+03  660.72E+00
   15.56E-03    3.26E+00  -10.61E+00 -135.36E+00   -1.38E+03   -8.99E+03 -686.73E+00   17.12E+00  141.87E+00    1.38E+03    9.00E+03  686.86E+00
   16.23E-03    3.26E+00   -9.48E+00 -124.10E+00   -1.26E+03   -8.52E+03 -713.67E+00   15.99E+00  130.62E+00    1.27E+03    8.53E+03  713.81E+00
   16.93E-03    3.26E+00   -8.45E+00 -113.76E+00   -1.16E+03   -8.06E+03 -741.42E+00   14.96E+00  120.28E+00    1.17E+03    8.07E+03  741.58E+00
   17.67E-03    3.26E+00   -7.50E+00 -104.26E+00   -1.07E+03   -7.61E+03 -769.98E+00   14.01E+00  110.78E+00    1.07E+03    7.61E+03  770.16E+00
   18.43E-03    3.26E+00   -6.62E+00  -95.54E+00 -981.17E+00   -7.17E+03 -799.33E+00   13.14E+00  102.05E+00  987.70E+00    7.18E+03  799.53E+00
   19.23E-03    3.26E+00   -5.82E+00  -87.52E+00 -901.51E+00   -6.74E+03 -829.45E+00   12.33E+00   94.03E+00  908.04E+00    6.75E+03  829.68E+00
   20.06E-03    3.26E+00   -5.08E+00  -80.15E+00 -828.28E+00   -6.33E+03 -860.32E+00   11.60E+00   86.66E+00  834.81E+00    6.34E+03  860.58E+00
   20.93E-03    3.26E+00   -4.41E+00  -73.38E+00 -760.95E+00   -5.94E+03 -891.91E+00   10.92E+00   79.89E+00  767.48E+00    5.95E+03  892.20E+00
   21.83E-03    3.26E+00   -3.78E+00  -67.15E+00 -699.07E+00   -5.56E+03 -924.16E+00   10.30E+00   73.67E+00  705.60E+00    5.57E+03  924.49E+00
   22.78E-03    3.26E+00   -3.21E+00  -61.44E+00 -642.18E+00   -5.20E+03 -957.05E+00    9.73E+00   67.95E+00  648.71E+00    5.21E+03  957.42E+00
   23.76E-03    3.26E+00   -2.69E+00  -56.19E+00 -589.90E+00   -4.86E+03 -990.50E+00    9.20E+00   62.70E+00  596.42E+00    4.87E+03  990.91E+00
   24.79E-03    3.26E+00   -2.21E+00  -51.36E+00 -541.84E+00   -4.53E+03   -1.02E+03    8.72E+00   57.87E+00  548.36E+00    4.54E+03    1.02E+03
   25.86E-03    3.26E+00   -1.76E+00  -46.93E+00 -497.66E+00   -4.22E+03   -1.06E+03    8.27E+00   53.44E+00  504.19E+00    4.23E+03    1.06E+03
   26.98E-03    3.26E+00   -1.35E+00  -42.85E+00 -457.06E+00   -3.93E+03   -1.09E+03    7.87E+00   49.37E+00  463.59E+00    3.94E+03    1.09E+03
   28.14E-03    3.26E+00 -980.26E-03  -39.11E+00 -419.75E+00   -3.66E+03   -1.13E+03    7.49E+00   45.62E+00  426.27E+00    3.67E+03    1.13E+03
   29.36E-03    3.26E+00 -636.32E-03  -35.67E+00 -385.46E+00   -3.40E+03   -1.16E+03    7.15E+00   42.18E+00  391.98E+00    3.41E+03    1.16E+03
   30.63E-03    3.26E+00 -320.29E-03  -32.51E+00 -353.94E+00   -3.16E+03   -1.20E+03    6.83E+00   39.02E+00  360.46E+00    3.16E+03    1.20E+03
   31.96E-03    3.26E+00  -29.93E-03  -29.61E+00 -324.98E+00   -2.93E+03   -1.23E+03    6.54E+00   36.12E+00  331.50E+00    2.93E+03    1.23E+03
   33.34E-03    3.26E+00  236.87E-03  -26.94E+00 -298.36E+00   -2.71E+03   -1.27E+03    6.28E+00   33.45E+00  304.88E+00    2.72E+03    1.27E+03
   34.78E-03    3.26E+00  482.00E-03  -24.49E+00 -273.90E+00   -2.51E+03   -1.30E+03    6.03E+00   31.00E+00  280.41E+00    2.52E+03    1.30E+03
   36.28E-03    3.26E+00  707.24E-03  -22.23E+00 -251.42E+00   -2.33E+03   -1.33E+03    5.81E+00   28.75E+00  257.93E+00    2.33E+03    1.34E+03
   37.85E-03    3.26E+00  914.18E-03  -20.16E+00 -230.76E+00   -2.15E+03   -1.37E+03    5.60E+00   26.68E+00  237.28E+00    2.16E+03    1.37E+03
   39.49E-03    3.26E+00    1.10E+00  -18.26E+00 -211.77E+00   -1.99E+03   -1.40E+03    5.41E+00   24.78E+00  218.29E+00    2.00E+03    1.40E+03
   41.20E-03    3.26E+00    1.28E+00  -16.52E+00 -194.33E+00   -1.84E+03   -1.43E+03    5.23E+00   23.03E+00  200.85E+00    1.85E+03    1.43E+03
   42.98E-03    3.26E+00    1.44E+00  -14.91E+00 -178.30E+00   -1.70E+03   -1.46E+03    5.07E+00   21.42E+00  184.82E+00    1.71E+03    1.46E+03
   44.84E-03    3.26E+00    1.59E+00  -13.44E+00 -163.57E+00   -1.57E+03   -1.48E+03    4.93E+00   19.95E+00  170.09E+00    1.58E+03    1.48E+03
   46.78E-03    3.26E+00    1.72E+00  -12.08E+00 -150.03E+00   -1.45E+03   -1.51E+03    4.79E+00   18.59E+00  156.55E+00    1.46E+03    1.51E+03
   48.80E-03    3.26E+00    1.85E+00  -10.84E+00 -137.59E+00   -1.34E+03   -1.53E+03    4.67E+00   17.35E+00  144.11E+00    1.34E+03    1.53E+03
   50.91E-03    3.26E+00    1.96E+00   -9.69E+00 -126.16E+00   -1.23E+03   -1.55E+03    4.55E+00   16.20E+00  132.68E+00    1.24E+03    1.55E+03
   53.11E-03    3.26E+00    2.07E+00   -8.64E+00 -115.66E+00   -1.14E+03   -1.56E+03    4.45E+00   15.15E+00  122.18E+00    1.14E+03    1.57E+03
   55.41E-03    3.26E+00    2.16E+00   -7.67E+00 -106.01E+00   -1.05E+03   -1.58E+03    4.35E+00   14.19E+00  112.53E+00    1.05E+03    1.58E+03
   57.80E-03    3.26E+00    2.25E+00   -6.79E+00  -97.14E+00 -965.62E+00   -1.59E+03    4.26E+00   13.30E+00  103.66E+00  972.35E+00    1.59E+03
   60.30E-03    3.26E+00    2.33E+00   -5.97E+00  -89.00E+00 -889.53E+00   -1.59E+03    4.18E+00   12.48E+00   95.51E+00  896.24E+00    1.60E+03
   62.91E-03    3.26E+00    2.41E+00   -5.22E+00  -81.51E+00 -819.22E+00   -1.60E+03    4.10E+00   11.74E+00   88.02E+00  825.92E+00    1.60E+03
   65.63E-03    3.26E+00    2.48E+00   -4.53E+00  -74.63E+00 -754.30E+00   -1.59E+03    4.04E+00   11.05E+00   81.14E+00  760.98E+00    1.60E+03
   68.47E-03    3.26E+00    2.54E+00   -3.90E+00  -68.31E+00 -694.36E+00   -1.59E+03    3.97E+00   10.41E+00   74.82E+00  701.03E+00    1.59E+03
   71.43E-03    3.26E+00    2.60E+00   -3.32E+00  -62.50E+00 -639.05E+00   -1.58E+03    3.91E+00    9.83E+00   69.01E+00  645.71E+00    1.58E+03
   74.52E-03    3.26E+00    2.65E+00   -2.79E+00  -57.16E+00 -588.03E+00   -1.57E+03    3.86E+00    9.30E+00   63.68E+00  594.68E+00    1.57E+03
   77.74E-03    3.26E+00    2.70E+00   -2.30E+00  -52.26E+00 -540.98E+00   -1.55E+03    3.81E+00    8.81E+00   58.77E+00  547.61E+00    1.56E+03
   81.10E-03    3.26E+00    2.75E+00   -1.85E+00  -47.75E+00 -497.60E+00   -1.53E+03    3.77E+00    8.36E+00   54.27E+00  504.23E+00    1.54E+03
   84.61E-03    3.26E+00    2.79E+00   -1.43E+00  -43.61E+00 -457.62E+00   -1.51E+03    3.73E+00    7.94E+00   50.12E+00  464.24E+00    1.51E+03
   88.27E-03    3.26E+00    2.83E+00   -1.05E+00  -39.81E+00 -420.78E+00   -1.48E+03    3.69E+00    7.56E+00   46.32E+00  427.39E+00    1.48E+03
   92.09E-03    3.26E+00    2.86E+00 -701.03E-03  -36.31E+00 -386.84E+00   -1.45E+03    3.65E+00    7.21E+00   42.82E+00  393.44E+00    1.45E+03
   96.07E-03    3.26E+00    2.89E+00 -379.75E-03  -33.10E+00 -355.58E+00   -1.41E+03    3.62E+00    6.89E+00   39.61E+00  362.18E+00    1.42E+03
  100.22E-03    3.26E+00    2.92E+00  -84.56E-03  -30.15E+00 -326.80E+00   -1.37E+03    3.59E+00    6.60E+00   36.66E+00  333.39E+00    1.38E+03
  104.56E-03    3.26E+00    2.95E+00  186.67E-03  -27.44E+00 -300.30E+00   -1.33E+03    3.56E+00    6.33E+00   33.95E+00  306.88E+00    1.34E+03
  109.08E-03    3.26E+00    2.97E+00  435.88E-03  -24.95E+00 -275.91E+00   -1.29E+03    3.54E+00    6.08E+00   31.46E+00  282.48E+00    1.30E+03
  113.80E-03    3.26E+00    3.00E+00  664.86E-03  -22.66E+00 -253.45E+00   -1.25E+03    3.52E+00    5.85E+00   29.17E+00  260.03E+00    1.25E+03
  118.72E-03    3.26E+00    3.02E+00  875.25E-03  -20.55E+00 -232.79E+00   -1.20E+03    3.49E+00    5.64E+00   27.07E+00  239.36E+00    1.21E+03
  123.85E-03    3.26E+00    3.04E+00    1.07E+00  -18.62E+00 -213.78E+00   -1.16E+03    3.48E+00    5.44E+00   25.13E+00  220.34E+00    1.16E+03
  129.21E-03    3.26E+00    3.06E+00    1.25E+00  -16.84E+00 -196.29E+00   -1.11E+03    3.46E+00    5.27E+00   23.36E+00  202.84E+00    1.11E+03
  134.79E-03    3.26E+00    3.07E+00    1.41E+00  -15.21E+00 -180.19E+00   -1.06E+03    3.44E+00    5.10E+00   21.73E+00  186.75E+00    1.07E+03
  140.62E-03    3.26E+00    3.09E+00    1.56E+00  -13.71E+00 -165.39E+00   -1.01E+03    3.43E+00    4.95E+00   20.23E+00  171.94E+00    1.02E+03
  146.70E-03    3.26E+00    3.10E+00    1.70E+00  -12.34E+00 -151.78E+00 -962.58E+00    3.41E+00    4.82E+00   18.85E+00  158.33E+00  969.92E+00
  153.05E-03    3.26E+00    3.11E+00    1.82E+00  -11.07E+00 -139.26E+00 -914.48E+00    3.40E+00    4.69E+00   17.58E+00  145.80E+00  921.87E+00
  159.67E-03    3.26E+00    3.12E+00    1.94E+00   -9.91E+00 -127.74E+00 -866.99E+00    3.39E+00    4.57E+00   16.42E+00  134.28E+00  874.41E+00
  166.57E-03    3.26E+00    3.14E+00    2.05E+00   -8.84E+00 -117.15E+00 -820.35E+00    3.38E+00    4.47E+00   15.35E+00  123.69E+00  827.79E+00
  173.77E-03    3.26E+00    3.15E+00    2.15E+00   -7.86E+00 -107.42E+00 -774.74E+00    3.37E+00    4.37E+00   14.37E+00  113.95E+00  782.19E+00
  181.29E-03    3.26E+00    3.15E+00    2.24E+00   -6.95E+00  -98.46E+00 -730.34E+00    3.36E+00    4.28E+00   13.47E+00  105.00E+00  737.80E+00
  189.13E-03    3.26E+00    3.16E+00    2.32E+00   -6.13E+00  -90.23E+00 -687.30E+00    3.35E+00    4.19E+00   12.64E+00   96.77E+00  694.75E+00
  197.31E-03    3.26E+00    3.17E+00    2.39E+00   -5.36E+00  -82.67E+00 -645.74E+00    3.34E+00    4.12E+00   11.88E+00   89.20E+00  653.17E+00
  205.84E-03    3.26E+00    3.18E+00    2.46E+00   -4.66E+00  -75.71E+00 -605.74E+00    3.34E+00    4.05E+00   11.18E+00   82.24E+00  613.16E+00
  214.74E-03    3.26E+00    3.18E+00    2.53E+00   -4.02E+00  -69.32E+00 -567.39E+00    3.33E+00    3.98E+00   10.53E+00   75.85E+00  574.78E+00
  224.03E-03    3.26E+00    3.19E+00    2.59E+00   -3.43E+00  -63.44E+00 -530.72E+00    3.32E+00    3.92E+00    9.94E+00   69.97E+00  538.09E+00
  233.71E-03    3.26E+00    3.19E+00    2.64E+00   -2.89E+00  -58.04E+00 -495.76E+00    3.32E+00    3.87E+00    9.40E+00   64.56E+00  503.11E+00
  243.82E-03    3.26E+00    3.20E+00    2.69E+00   -2.39E+00  -53.07E+00 -462.54E+00    3.31E+00    3.82E+00    8.90E+00   59.60E+00  469.85E+00
  254.36E-03    3.26E+00    3.20E+00    2.74E+00   -1.93E+00  -48.51E+00 -431.03E+00    3.31E+00    3.78E+00    8.44E+00   55.03E+00  438.31E+00
  265.36E-03    3.26E+00    3.21E+00    2.78E+00   -1.51E+00  -44.31E+00 -401.22E+00    3.30E+00    3.73E+00    8.02E+00   50.84E+00  408.47E+00
  276.84E-03    3.26E+00    3.21E+00    2.82E+00   -1.12E+00  -40.46E+00 -373.09E+00    3.30E+00    3.69E+00    7.64E+00   46.98E+00  380.30E+00
  288.81E-03    3.26E+00    3.22E+00    2.85E+00 -766.76E-03  -36.91E+00 -346.59E+00    3.30E+00    3.66E+00    7.28E+00   43.43E+00  353.76E+00
  301.30E-03    3.26E+00    3.22E+00    2.89E+00 -440.15E-03  -33.66E+00 -321.67E+00    3.29E+00    3.63E+00    6.95E+00   40.18E+00  328.81E+00
  314.33E-03    3.26E+00    3.22E+00    2.92E+00 -140.06E-03  -30.66E+00 -298.29E+00    3.29E+00    3.60E+00    6.65E+00   37.18E+00  305.39E+00
  327.92E-03    3.26E+00    3.23E+00    2.94E+00  135.67E-03  -27.91E+00 -276.38E+00    3.29E+00    3.57E+00    6.38E+00   34.43E+00  283.44E+00
  342.10E-03    3.26E+00    3.23E+00    2.97E+00  389.02E-03  -25.38E+00 -255.87E+00    3.29E+00    3.54E+00    6.12E+00   31.90E+00  262.91E+00
  356.90E-03    3.26E+00    3.23E+00    2.99E+00  621.80E-03  -23.06E+00 -236.72E+00    3.28E+00    3.52E+00    5.89E+00   29.58E+00  243.72E+00
  372.33E-03    3.26E+00    3.23E+00    3.01E+00  835.68E-03  -20.93E+00 -218.85E+00    3.28E+00    3.50E+00    5.68E+00   27.45E+00  225.82E+00
  388.43E-03    3.26E+00    3.23E+00    3.03E+00    1.03E+00  -18.97E+00 -202.19E+00    3.28E+00    3.48E+00    5.48E+00   25.48E+00  209.13E+00
  405.23E-03    3.26E+00    3.24E+00    3.05E+00    1.21E+00  -17.16E+00 -186.69E+00    3.28E+00    3.46E+00    5.30E+00   23.68E+00  193.60E+00
  422.75E-03    3.26E+00    3.24E+00    3.07E+00    1.38E+00  -15.51E+00 -172.27E+00    3.28E+00    3.44E+00    5.13E+00   22.02E+00  179.15E+00
  441.04E-03    3.26E+00    3.24E+00    3.08E+00    1.53E+00  -13.98E+00 -158.87E+00    3.27E+00    3.43E+00    4.98E+00   20.50E+00  165.73E+00
  460.11E-03    3.26E+00    3.24E+00    3.10E+00    1.67E+00  -12.58E+00 -146.43E+00    3.27E+00    3.41E+00    4.84E+00   19.10E+00  153.27E+00
  480.00E-03    3.26E+00    3.24E+00    3.11E+00    1.80E+00  -11.30E+00 -134.90E+00    3.27E+00    3.40E+00    4.71E+00   17.82E+00  141.71E+00
  500.76E-03    3.26E+00    3.24E+00    3.12E+00    1.92E+00  -10.12E+00 -124.21E+00    3.27E+00    3.39E+00    4.59E+00   16.63E+00  131.00E+00
  522.42E-03    3.26E+00    3.24E+00    3.13E+00    2.03E+00   -9.03E+00 -114.31E+00    3.27E+00    3.38E+00    4.49E+00   15.55E+00  121.08E+00
  545.01E-03    3.26E+00    3.25E+00    3.14E+00    2.13E+00   -8.04E+00 -105.14E+00    3.27E+00    3.37E+00    4.39E+00   14.55E+00  111.90E+00
  568.58E-03    3.26E+00    3.25E+00    3.15E+00    2.22E+00   -7.12E+00  -96.66E+00    3.27E+00    3.36E+00    4.29E+00   13.63E+00  103.40E+00
  593.16E-03    3.26E+00    3.25E+00    3.16E+00    2.30E+00   -6.28E+00  -88.83E+00    3.27E+00    3.35E+00    4.21E+00   12.79E+00   95.54E+00
  618.82E-03    3.26E+00    3.25E+00    3.17E+00    2.38E+00   -5.50E+00  -81.58E+00    3.27E+00    3.34E+00    4.13E+00   12.02E+00   88.29E+00
  645.58E-03    3.26E+00    3.25E+00    3.18E+00    2.45E+00   -4.79E+00  -74.89E+00    3.26E+00    3.34E+00    4.06E+00   11.31E+00   81.58E+00
  673.49E-03    3.26E+00    3.25E+00    3.18E+00    2.52E+00   -4.14E+00  -68.71E+00    3.26E+00    3.33E+00    4.00E+00   10.65E+00   75.39E+00
  702.62E-03    3.26E+00    3.25E+00    3.19E+00    2.58E+00   -3.54E+00  -63.01E+00    3.26E+00    3.32E+00    3.94E+00   10.05E+00   69.68E+00
  733.00E-03    3.26E+00    3.25E+00    3.19E+00    2.63E+00   -2.99E+00  -57.75E+00    3.26E+00    3.32E+00    3.88E+00    9.50E+00   64.40E+00
  764.70E-03    3.26E+00    3.25E+00    3.20E+00    2.68E+00   -2.48E+00  -52.90E+00    3.26E+00    3.31E+00    3.83E+00    8.99E+00   59.54E+00
  797.77E-03    3.26E+00    3.25E+00    3.20E+00    2.73E+00   -2.02E+00  -48.43E+00    3.26E+00    3.31E+00    3.78E+00    8.53E+00   55.06E+00
  832.27E-03    3.26E+00    3.25E+00    3.21E+00    2.77E+00   -1.59E+00  -44.30E+00    3.26E+00    3.30E+00    3.74E+00    8.10E+00   50.93E+00
  868.26E-03    3.26E+00    3.25E+00    3.21E+00    2.81E+00   -1.19E+00  -40.50E+00    3.26E+00    3.30E+00    3.70E+00    7.71E+00   47.12E+00
  905.80E-03    3.26E+00    3.25E+00    3.22E+00    2.85E+00 -832.98E-03  -37.00E+00    3.26E+00    3.30E+00    3.67E+00    7.35E+00   43.61E+00
  944.97E-03    3.26E+00    3.25E+00    3.22E+00    2.88E+00 -501.06E-03  -33.78E+00    3.26E+00    3.29E+00    3.63E+00    7.01E+00   40.38E+00
  985.84E-03    3.26E+00    3.25E+00    3.22E+00    2.91E+00 -196.08E-03  -30.81E+00    3.26E+00    3.29E+00    3.60E+00    6.71E+00   37.40E+00
    1.03E+00    3.26E+00    3.25E+00    3.22E+00    2.94E+00   84.15E-03  -28.08E+00    3.26E+00    3.29E+00    3.57E+00    6.43E+00   34.66E+00
    1.07E+00    3.26E+00    3.25E+00    3.23E+00    2.96E+00  341.63E-03  -25.56E+00    3.26E+00    3.29E+00    3.55E+00    6.17E+00   32.14E+00
    1.12E+00    3.26E+00    3.25E+00    3.23E+00    2.99E+00  578.21E-03  -23.24E+00    3.26E+00    3.28E+00    3.52E+00    5.94E+00   29.82E+00
    1.17E+00    3.26E+00    3.25E+00    3.23E+00    3.01E+00  795.60E-03  -21.11E+00    3.26E+00    3.28E+00    3.50E+00    5.72E+00   27.68E+00
    1.22E+00    3.26E+00    3.25E+00    3.23E+00    3.03E+00  995.33E-03  -19.15E+00    3.26E+00    3.28E+00    3.48E+00    5.52E+00   25.71E+00
    1.27E+00    3.26E+00    3.25E+00    3.24E+00    3.05E+00    1.18E+00  -17.34E+00    3.26E+00    3.28E+00    3.46E+00    5.33E+00   23.90E+00
    1.33E+00    3.26E+00    3.25E+00    3.24E+00    3.07E+00    1.35E+00  -15.68E+00    3.26E+00    3.28E+00    3.45E+00    5.17E+00   22.24E+00
    1.38E+00    3.26E+00    3.25E+00    3.24E+00    3.08E+00    1.50E+00  -14.16E+00    3.26E+00    3.27E+00    3.43E+00    5.01E+00   20.71E+00
    1.44E+00    3.26E+00    3.25E+00    3.24E+00    3.10E+00    1.64E+00  -12.75E+00    3.26E+00    3.27E+00    3.42E+00    4.87E+00   19.30E+00
    1.51E+00    3.26E+00    3.25E+00    3.24E+00    3.11E+00    1.78E+00  -11.46E+00    3.26E+00    3.27E+00    3.40E+00    4.74E+00   18.01E+00
    1.57E+00    3.26E+00    3.26E+00    3.24E+00    3.12E+00    1.90E+00  -10.27E+00    3.26E+00    3.27E+00    3.39E+00    4.62E+00   16.81E+00
    1.64E+00    3.26E+00    3.26E+00    3.24E+00    3.13E+00    2.01E+00   -9.18E+00    3.26E+00    3.27E+00    3.38E+00    4.51E+00   15.72E+00
    1.71E+00    3.26E+00    3.26E+00    3.24E+00    3.14E+00    2.11E+00   -8.17E+00    3.26E+00    3.27E+00    3.37E+00    4.41E+00   14.71E+00
    1.78E+00    3.26E+00    3.26E+00    3.25E+00    3.15E+00    2.20E+00   -7.25E+00    3.26E+00    3.27E+00    3.36E+00    4.31E+00   13.79E+00
    1.86E+00    3.26E+00    3.26E+00    3.25E+00    3.16E+00    2.29E+00   -6.40E+00    3.26E+00    3.27E+00    3.35E+00    4.23E+00   12.93E+00
    1.94E+00    3.26E+00    3.26E+00    3.25E+00    3.17E+00    2.37E+00   -5.62E+00    3.26E+00    3.27E+00    3.35E+00    4.15E+00   12.15E+00
    2.02E+00    3.26E+00    3.26E+00    3.25E+00    3.17E+00    2.44E+00   -4.90E+00    3.26E+00    3.26E+00    3.34E+00    4.08E+00   11.43E+00
    2.11E+00    3.26E+00    3.26E+00    3.25E+00    3.18E+00    2.50E+00   -4.24E+00    3.26E+00    3.26E+00    3.33E+00    4.01E+00   10.77E+00
    2.20E+00    3.26E+00    3.26E+00    3.25E+00    3.19E+00    2.57E+00   -3.63E+00    3.26E+00    3.26E+00    3.33E+00    3.95E+00   10.16E+00
    2.30E+00    3.26E+00    3.26E+00    3.25E+00    3.19E+00    2.62E+00   -3.07E+00    3.26E+00    3.26E+00    3.32E+00    3.89E+00    9.60E+00
    2.40E+00    3.26E+00    3.26E+00    3.25E+00    3.20E+00    2.67E+00   -2.56E+00    3.26E+00    3.26E+00    3.31E+00    3.84E+00    9.09E+00
    2.50E+00    3.26E+00    3.26E+00    3.25E+00    3.20E+00    2.72E+00   -2.09E+00    3.26E+00    3.26E+00    3.31E+00    3.79E+00    8.62E+00
    2.61E+00    3.26E+00    3.26E+00    3.25E+00    3.21E+00    2.76E+00   -1.66E+00    3.26E+00    3.26E+00    3.31E+00    3.75E+00    8.18E+00
    2.72E+00    3.26E+00    3.26E+00    3.25E+00    3.21E+00    2.80E+00   -1.26E+00    3.26E+00    3.26E+00    3.30E+00    3.71E+00    7.78E+00
    2.84E+00    3.26E+00    3.26E+00    3.25E+00    3.22E+00    2.84E+00 -894.10E-03    3.26E+00    3.26E+00    3.30E+00    3.67E+00    7.42E+00
    2.96E+00    3.26E+00    3.26E+00    3.25E+00    3.22E+00    2.87E+00 -557.86E-03    3.26E+00    3.26E+00    3.29E+00    3.64E+00    7.08E+00
    3.09E+00    3.26E+00    3.26E+00    3.25E+00    3.22E+00    2.91E+00 -248.85E-03    3.26E+00    3.26E+00    3.29E+00    3.61E+00    6.77E+00
    3.23E+00    3.26E+00    3.26E+00    3.25E+00    3.22E+00    2.93E+00   35.14E-03    3.26E+00    3.26E+00    3.29E+00    3.58E+00    6.49E+00
    3.37E+00    3.26E+00    3.26E+00    3.25E+00    3.23E+00    2.96E+00  296.14E-03    3.26E+00    3.26E+00    3.29E+00    3.55E+00    6.22E+00
    3.51E+00    3.26E+00    3.26E+00    3.25E+00    3.23E+00    2.98E+00  535.99E-03    3.26E+00    3.26E+00    3.28E+00    3.53E+00    5.98E+00
    3.66E+00    3.26E+00    3.26E+00    3.25E+00    3.23E+00    3.01E+00  756.42E-03    3.26E+00    3.26E+00    3.28E+00    3.51E+00    5.76E+00
    3.82E+00    3.26E+00    3.26E+00    3.25E+00    3.23E+00    3.03E+00  958.99E-03    3.26E+00    3.26E+00    3.28E+00    3.49E+00    5.56E+00
    3.99E+00    3.26E+00    3.26E+00    3.25E+00    3.24E+00    3.05E+00    1.15E+00    3.26E+00    3.26E+00    3.28E+00    3.47E+00    5.37E+00
    4.16E+00    3.26E+00    3.26E+00    3.26E+00    3.24E+00    3.06E+00    1.32E+00    3.26E+00    3.26E+00    3.28E+00    3.45E+00    5.20E+00
    4.34E+00    3.26E+00    3.26E+00    3.26E+00    3.24E+00    3.08E+00    1.47E+00    3.26E+00    3.26E+00    3.27E+00    3.44E+00    5.04E+00
    4.53E+00    3.26E+00    3.26E+00    3.26E+00    3.24E+00    3.09E+00    1.62E+00    3.26E+00    3.26E+00    3.27E+00    3.42E+00    4.90E+00
    4.72E+00    3.26E+00    3.26E+00    3.26E+00    3.24E+00    3.11E+00    1.75E+00    3.26E+00    3.26E+00    3.27E+00    3.41E+00    4.77E+00
    4.93E+00    3.26E+00    3.26E+00    3.26E+00    3.24E+00    3.12E+00    1.87E+00    3.26E+00    3.26E+00    3.27E+00    3.40E+00    4.65E+00
    5.14E+00    3.26E+00    3.26E+00    3.26E+00    3.24E+00    3.13E+00    1.98E+00    3.26E+00    3.26E+00    3.27E+00    3.38E+00    4.53E+00
    5.36E+00    3.26E+00    3.26E+00    3.26E+00    3.25E+00    3.14E+00    2.09E+00    3.26E+00    3.26E+00    3.27E+00    3.37E+00    4.43E+00
    5.59E+00    3.26E+00    3.26E+00    3.26E+00    3.25E+00    3.15E+00    2.18E+00    3.26E+00    3.26E+00    3.27E+00    3.37E+00    4.34E+00
    5.83E+00    3.26E+00    3.26E+00    3.26E+00    3.25E+00    3.16E+00    2.27E+00    3.26E+00    3.26E+00    3.27E+00    3.36E+00    4.25E+00
    6.09E+00    3.26E+00    3.26E+00    3.26E+00    3.25E+00    3.17E+00    2.35E+00    3.26E+00    3.26E+00    3.27E+00    3.35E+00    4.17E+00
    6.35E+00    3.26E+00    3.26E+00    3.26E+00    3.25E+00    3.17E+00    2.42E+00    3.26E+00    3.26E+00    3.27E+00    3.34E+00    4.09E+00
    6.62E+00    3.26E+00    3.26E+00    3.26E+00    3.25E+00    3.18E+00    2.49E+00    3.26E+00    3.26E+00    3.27E+00    3.34E+00    4.03E+00
    6.91E+00    3.26E+00    3.26E+00    3.26E+00    3.25E+00    3.19E+00    2.55E+00    3.26E+00    3.26E+00    3.27E+00    3.33E+00    3.97E+00
    7.21E+00    3.26E+00    3.26E+00    3.26E+00    3.25E+00    3.19E+00    2.61E+00    3.26E+00    3.26E+00    3.26E+00    3.32E+00    3.91E+00
    7.52E+00    3.26E+00    3.26E+00    3.26E+00    3.25E+00    3.20E+00    2.66E+00    3.26E+00    3.26E+00    3.26E+00    3.32E+00    3.86E+00
    7.85E+00    3.26E+00    3.26E+00    3.26E+00    3.25E+00    3.20E+00    2.71E+00    3.26E+00    3.26E+00    3.26E+00    3.31E+00    3.81E+00
    8.19E+00    3.26E+00    3.26E+00    3.26E+00    3.25E+00    3.21E+00    2.76E+00    3.26E+00    3.26E+00    3.26E+00    3.31E+00    3.76E+00
    8.54E+00    3.26E+00    3.26E+00    3.26E+00    3.25E+00    3.21E+00    2.80E+00    3.26E+00    3.26E+00    3.26E+00    3.31E+00    3.72E+00
    8.91E+00    3.26E+00    3.26E+00    3.26E+00    3.26E+00    3.22E+00    2.83E+00    3.26E+00    3.26E+00    3.26E+00    3.30E+00    3.69E+00
    9.30E+00    3.26E+00    3.26E+00    3.26E+00    3.26E+00    3.22E+00    2.87E+00    3.26E+00    3.26E+00    3.26E+00    3.30E+00    3.65E+00
    9.70E+00    3.26E+00    3.26E+00    3.26E+00    3.26E+00    3.22E+00    2.90E+00    3.26E+00    3.26E+00    3.26E+00    3.30E+00    3.62E+00
   10.12E+00    3.26E+00    3.26E+00    3.26E+00    3.26E+00    3.23E+00    2.93E+00    3.26E+00    3.26E+00    3.26E+00    3.29E+00    3.59E+00
   10.55E+00    3.26E+00    3.26E+00    3.26E+00    3.26E+00    3.23E+00    2.96E+00    3.26E+00    3.26E+00    3.26E+00    3.29E+00    3.57E+00
   11.01E+00    3.26E+00    3.26E+00    3.26E+00    3.26E+00    3.23E+00    2.98E+00    3.26E+00    3.26E+00    3.26E+00    3.29E+00    3.54E+00
   11.49E+00    3.26E+00    3.26E+00    3.26E+00    3.26E+00    3.24E+00    3.00E+00    3.26E+00    3.26E+00    3.26E+00    3.29E+00    3.52E+00
   11.98E+00    3.26E+00    3.26E+00    3.26E+00    3.26E+00    3.24E+00    3.03E+00    3.26E+00    3.26E+00    3.26E+00    3.29E+00    3.50E+00
   12.50E+00    3.26E+00    3.26E+00    3.26E+00    3.26E+00    3.24E+00    3.04E+00    3.26E+00    3.26E+00    3.26E+00    3.28E+00    3.48E+00
   13.04E+00    3.26E+00    3.26E+00    3.26E+00    3.26E+00    3.24E+00    3.06E+00    3.26E+00    3.26E+00    3.27E+00    3.28E+00    3.46E+00
   13.61E+00    3.26E+00    3.26E+00    3.26E+00    3.26E+00    3.25E+00    3.08E+00    3.26E+00    3.26E+00    3.27E+00    3.28E+00    3.45E+00
   14.19E+00    3.26E+00    3.26E+00    3.26E+00    3.26E+00    3.25E+00    3.09E+00    3.26E+00    3.26E+00    3.27E+00    3.28E+00    3.44E+00
   14.81E+00    3.27E+00    3.27E+00    3.27E+00    3.26E+00    3.25E+00    3.11E+00    3.27E+00    3.27E+00    3.27E+00    3.28E+00    3.42E+00
   15.45E+00    3.27E+00    3.27E+00    3.27E+00    3.26E+00    3.25E+00    3.12E+00    3.27E+00    3.27E+00    3.27E+00    3.28E+00    3.41E+00
   16.12E+00    3.27E+00    3.27E+00    3.27E+00    3.27E+00    3.25E+00    3.13E+00    3.27E+00    3.27E+00    3.27E+00    3.28E+00    3.40E+00
   16.81E+00    3.27E+00    3.27E+00    3.27E+00    3.27E+00    3.26E+00    3.15E+00    3.27E+00    3.27E+00    3.27E+00    3.28E+00    3.39E+00
   17.54E+00    3.27E+00    3.27E+00    3.27E+00    3.27E+00    3.26E+00    3.16E+00    3.27E+00    3.27E+00    3.27E+00    3.28E+00    3.38E+00
   18.30E+00    3.27E+00    3.27E+00    3.27E+00    3.27E+00    3.26E+00    3.17E+00    3.27E+00    3.27E+00    3.27E+00    3.28E+00    3.37E+00
   19.09E+00    3.27E+00    3.27E+00    3.27E+00    3.27E+00    3.26E+00    3.18E+00    3.27E+00    3.27E+00    3.27E+00    3.28E+00    3.37E+00
   19.92E+00    3.27E+00    3.27E+00    3.27E+00    3.27E+00    3.26E+00    3.18E+00    3.27E+00    3.27E+00    3.27E+00    3.28E+00    3.36E+00
   20.78E+00    3.27E+00    3.27E+00    3.27E+00    3.27E+00    3.27E+00    3.19E+00    3.27E+00    3.27E+00    3.28E+00    3.28E+00    3.36E+00
   21.68E+00    3.28E+00    3.28E+00    3.28E+00    3.28E+00    3.27E+00    3.20E+00    3.28E+00    3.28E+00    3.28E+00    3.28E+00    3.35E+00
   22.61E+00    3.28E+00    3.28E+00    3.28E+00    3.28E+00    3.27E+00    3.21E+00    3.28E+00    3.28E+00    3.28E+00    3.28E+00    3.35E+00
   23.59E+00    3.28E+00    3.28E+00    3.28E+00    3.28E+00    3.27E+00    3.22E+00    3.28E+00    3.28E+00    3.28E+00    3.29E+00    3.34E+00
   24.61E+00    3.28E+00    3.28E+00    3.28E+00    3.28E+00    3.28E+00    3.22E+00    3.28E+00    3.28E+00    3.28E+00    3.29E+00    3.34E+00
   25.68E+00    3.28E+00    3.28E+00    3.28E+00    3.28E+00    3.28E+00    3.23E+00    3.28E+00    3.28E+00    3.28E+00    3.29E+00    3.34E+00
   26.79E+00    3.29E+00    3.29E+00    3.29E+00    3.29E+00    3.28E+00    3.24E+00    3.29E+00    3.29E+00    3.29E+00    3.29E+00    3.34E+00
   27.94E+00    3.29E+00    3.29E+00    3.29E+00    3.29E+00    3.28E+00    3.24E+00    3.29E+00    3.29E+00    3.29E+00    3.29E+00    3.34E+00
   29.15E+00    3.29E+00    3.29E+00    3.29E+00    3.29E+00    3.29E+00    3.25E+00    3.29E+00    3.29E+00    3.29E+00    3.30E+00    3.34E+00
   30.41E+00    3.29E+00    3.29E+00    3.29E+00    3.29E+00    3.29E+00    3.25E+00    3.29E+00    3.29E+00    3.30E+00    3.30E+00    3.34E+00
   31.73E+00    3.30E+00    3.30E+00    3.30E+00    3.30E+00    3.29E+00    3.26E+00    3.30E+00    3.30E+00    3.30E+00    3.30E+00    3.34E+00
   33.10E+00    3.30E+00    3.30E+00    3.30E+00    3.30E+00    3.30E+00    3.27E+00    3.30E+00    3.30E+00    3.30E+00    3.31E+00    3.34E+00
   34.53E+00    3.31E+00    3.31E+00    3.31E+00    3.31E+00    3.30E+00    3.27E+00    3.31E+00    3.31E+00    3.31E+00    3.31E+00    3.34E+00
   36.03E+00    3.31E+00    3.31E+00    3.31E+00    3.31E+00    3.31E+00    3.28E+00    3.31E+00    3.31E+00    3.31E+00    3.31E+00    3.34E+00
   37.58E+00    3.32E+00    3.32E+00    3.32E+00    3.32E+00    3.31E+00    3.29E+00    3.32E+00    3.32E+00    3.32E+00    3.32E+00    3.34E+00
   39.21E+00    3.32E+00    3.32E+00    3.32E+00    3.32E+00    3.32E+00    3.30E+00    3.32E+00    3.32E+00    3.32E+00    3.32E+00    3.35E+00
   40.90E+00    3.33E+00    3.33E+00    3.33E+00    3.33E+00    3.32E+00    3.30E+00    3.33E+00    3.33E+00    3.33E+00    3.33E+00    3.35E+00
   42.67E+00    3.33E+00    3.33E+00    3.33E+00    3.33E+00    3.33E+00    3.31E+00    3.33E+00    3.33E+00    3.33E+00    3.34E+00    3.36E+00
   44.52E+00    3.34E+00    3.34E+00    3.34E+00    3.34E+00    3.34E+00    3.32E+00    3.34E+00    3.34E+00    3.34E+00    3.34E+00    3.36E+00
   46.44E+00    3.35E+00    3.35E+00    3.35E+00    3.35E+00    3.35E+00    3.33E+00    3.35E+00    3.35E+00    3.35E+00    3.35E+00    3.37E+00
   48.45E+00    3.36E+00    3.36E+00    3.36E+00    3.36E+00    3.35E+00    3.34E+00    3.36E+00    3.36E+00    3.36E+00    3.36E+00    3.37E+00
   50.55E+00    3.36E+00    3.36E+00    3.36E+00    3.36E+00    3.36E+00    3.35E+00    3.36E+00    3.36E+00    3.36E+00    3.37E+00    3.38E+00
   52.73E+00    3.37E+00    3.37E+00    3.37E+00    3.37E+00    3.37E+00    3.36E+00    3.37E+00    3.37E+00    3.37E+00    3.38E+00    3.39E+00
   55.01E+00    3.38E+00    3.38E+00    3.38E+00    3.38E+00    3.38E+00    3.37E+00    3.38E+00    3.38E+00    3.39E+00    3.39E+00    3.40E+00
   57.39E+00    3.40E+00    3.40E+00    3.40E+00    3.40E+00    3.40E+00    3.38E+00    3.40E+00    3.40E+00    3.40E+00    3.40E+00    3.41E+00
   59.87E+00    3.41E+00    3.41E+00    3.41E+00    3.41E+00    3.41E+00    3.40E+00    3.41E+00    3.41E+00    3.41E+00    3.41E+00    3.42E+00
   62.46E+00    3.42E+00    3.42E+00    3.42E+00    3.42E+00    3.42E+00    3.41E+00    3.42E+00    3.42E+00    3.42E+00    3.42E+00    3.44E+00
   65.16E+00    3.44E+00    3.44E+00    3.44E+00    3.44E+00    3.44E+00    3.43E+00    3.44E+00    3.44E+00    3.44E+00    3.44E+00    3.45E+00
   67.98E+00    3.46E+00    3.46E+00    3.46E+00    3.46E+00    3.45E+00    3.44E+00    3.46E+00    3.46E+00    3.46E+00    3.46E+00    3.47E+00
   70.92E+00    3.47E+00    3.47E+00    3.47E+00    3.47E+00    3.47E+00    3.46E+00    3.47E+00    3.47E+00    3.47E+00    3.47E+00    3.48E+00
   73.99E+00    3.49E+00    3.49E+00    3.49E+00    3.49E+00    3.49E+00    3.48E+00    3.49E+00    3.49E+00    3.49E+00    3.50E+00    3.50E+00
   77.19E+00    3.52E+00    3.52E+00    3.52E+00    3.52E+00    3.52E+00    3.51E+00    3.52E+00    3.52E+00    3.52E+00    3.52E+00    3.53E+00
   80.53E+00    3.54E+00    3.54E+00    3.54E+00    3.54E+00    3.54E+00    3.53E+00    3.54E+00    3.54E+00    3.54E+00    3.54E+00    3.55E+00
   84.01E+00    3.57E+00    3.57E+00    3.57E+00    3.57E+00    3.57E+00    3.56E+00    3.57E+00    3.57E+00    3.57E+00    3.57E+00    3.58E+00
   87.64E+00    3.60E+00    3.60E+00    3.60E+00    3.60E+00    3.60E+00    3.59E+00    3.60E+00    3.60E+00    3.60E+00    3.60E+00    3.61E+00
   91.43E+00    3.63E+00    3.63E+00    3.63E+00    3.63E+00    3.63E+00    3.62E+00    3.63E+00    3.63E+00    3.63E+00    3.63E+00    3.64E+00
   95.39E+00    3.67E+00    3.67E+00    3.67E+00    3.67E+00    3.66E+00    3.66E+00    3.67E+00    3.67E+00    3.67E+00    3.67E+00    3.67E+00
   99.51E+00    3.70E+00    3.70E+00    3.70E+00    3.70E+00    3.70E+00    3.70E+00    3.70E+00    3.70E+00    3.70E+00    3.71E+00    3.71E+00
  103.81E+00    3.75E+00    3.75E+00    3.75E+00    3.75E+00    3.75E+00    3.74E+00    3.75E+00    3.75E+00    3.75E+00    3.75E+00    3.76E+00
  108.30E+00    3.80E+00    3.80E+00    3.80E+00    3.80E+00    3.80E+00    3.79E+00    3.80E+00    3.80E+00    3.80E+00    3.80E+00    3.80E+00
  112.99E+00    3.85E+00    3.85E+00    3.85E+00    3.85E+00    3.85E+00    3.84E+00    3.85E+00    3.85E+00    3.85E+00    3.85E+00    3.86E+00
  117.87E+00    3.91E+00    3.91E+00    3.91E+00    3.91E+00    3.91E+00    3.90E+00    3.91E+00    3.91E+00    3.91E+00    3.91E+00    3.92E+00
  122.97E+00    3.98E+00    3.98E+00    3.98E+00    3.98E+00    3.98E+00    3.97E+00    3.98E+00    3.98E+00    3.98E+00    3.98E+00    3.98E+00
  128.29E+00    4.05E+00    4.05E+00    4.05E+00    4.05E+00    4.05E+00    4.04E+00    4.05E+00    4.05E+00    4.05E+00    4.05E+00    4.06E+00
  133.84E+00    4.13E+00    4.13E+00    4.13E+00    4.13E+00    4.13E+00    4.13E+00    4.13E+00    4.13E+00    4.13E+00    4.13E+00    4.14E+00
  139.62E+00    4.23E+00    4.23E+00    4.23E+00    4.23E+00    4.23E+00    4.22E+00    4.23E+00    4.23E+00    4.23E+00    4.23E+00    4.23E+00
  145.66E+00    4.33E+00    4.33E+00    4.33E+00    4.33E+00    4.33E+00    4.33E+00    4.33E+00    4.33E+00    4.33E+00    4.33E+00    4.34E+00
  151.96E+00    4.45E+00    4.45E+00    4.45E+00    4.45E+00    4.45E+00    4.44E+00    4.45E+00    4.45E+00    4.45E+00    4.45E+00    4.46E+00
  158.53E+00    4.59E+00    4.59E+00    4.59E+00    4.59E+00    4.58E+00    4.58E+00    4.59E+00    4.59E+00    4.59E+00    4.59E+00    4.59E+00
  165.39E+00    4.74E+00    4.74E+00    4.74E+00    4.74E+00    4.74E+00    4.73E+00    4.74E+00    4.74E+00    4.74E+00    4.74E+00    4.75E+00
  172.54E+00    4.91E+00    4.91E+00    4.91E+00    4.91E+00    4.91E+00    4.91E+00    4.91E+00    4.91E+00    4.91E+00    4.91E+00    4.92E+00
  180.00E+00    5.12E+00    5.12E+00    5.12E+00    5.11E+00    5.11E+00    5.11E+00    5.12E+00    5.12E+00    5.12E+00    5.12E+00    5.12E+00
