      #mjd           date     name       lat       lon level           GP           VT           SP          VSH            T           HP           TP          TPF          RHO
 55197.000 20100101000000   joze_a   52.0000   21.0000  1000   -6.000E+00  272.000E+00   98.110E+03    2.850E-03  267.200E+00  147.003E+00    0.000E+00    0.000E+00    0.000E+00 
 55197.000 20100101000000   joze_a   52.0000   21.0000   925  613.059E+00  269.700E+00   98.110E+03    2.600E-03  267.200E+00  147.003E+00    0.000E+00    0.000E+00    0.000E+00 
 55197.000 20100101000000   joze_a   52.0000   21.0000   850    1.279E+03  267.100E+00   98.110E+03    2.480E-03  267.200E+00  147.003E+00    0.000E+00    0.000E+00    0.000E+00 
 55197.000 20100101000000   joze_a   52.0000   21.0000   700    2.784E+03  260.900E+00   98.110E+03    1.800E-03  267.200E+00  147.003E+00    0.000E+00    0.000E+00    0.000E+00 
 55197.000 20100101000000   joze_a   52.0000   21.0000   600    3.951E+03  254.800E+00   98.110E+03    1.254E-03  267.200E+00  147.003E+00    0.000E+00    0.000E+00    0.000E+00 
 55197.000 20100101000000   joze_a   52.0000   21.0000   500    5.289E+03  245.600E+00   98.110E+03  607.002E-06  267.200E+00  147.003E+00    0.000E+00    0.000E+00    0.000E+00 
 55197.000 20100101000000   joze_a   52.0000   21.0000   400    6.857E+03  232.500E+00   98.110E+03  144.002E-06  267.200E+00  147.003E+00    0.000E+00    0.000E+00    0.000E+00 
 55197.000 20100101000000   joze_a   52.0000   21.0000   300    8.742E+03  215.400E+00   98.110E+03   46.002E-06  267.200E+00  147.003E+00    0.000E+00    0.000E+00    0.000E+00 
 55197.000 20100101000000   joze_a   52.0000   21.0000   250    9.886E+03  212.200E+00   98.110E+03          NaN  267.200E+00  147.003E+00    0.000E+00    0.000E+00    0.000E+00 
 55197.000 20100101000000   joze_a   52.0000   21.0000   200   11.288E+03  215.200E+00   98.110E+03          NaN  267.200E+00  147.003E+00    0.000E+00    0.000E+00    0.000E+00 
 55197.000 20100101000000   joze_a   52.0000   21.0000   150   13.120E+03  216.400E+00   98.110E+03          NaN  267.200E+00  147.003E+00    0.000E+00    0.000E+00    0.000E+00 
 55197.000 20100101000000   joze_a   52.0000   21.0000   100   15.680E+03  212.700E+00   98.110E+03          NaN  267.200E+00  147.003E+00    0.000E+00    0.000E+00    0.000E+00 
 55197.000 20100101000000   joze_a   52.0000   21.0000    70   17.904E+03  211.100E+00   98.110E+03          NaN  267.200E+00  147.003E+00    0.000E+00    0.000E+00    0.000E+00 
 55197.000 20100101000000   joze_a   52.0000   21.0000    50   19.997E+03  211.100E+00   98.110E+03          NaN  267.200E+00  147.003E+00    0.000E+00    0.000E+00    0.000E+00 
 55197.000 20100101000000   joze_a   52.0000   21.0000    30   23.170E+03  210.600E+00   98.110E+03          NaN  267.200E+00  147.003E+00    0.000E+00    0.000E+00    0.000E+00 
 55197.000 20100101000000   joze_a   52.0000   21.0000    20   25.694E+03  211.100E+00   98.110E+03          NaN  267.200E+00  147.003E+00    0.000E+00    0.000E+00    0.000E+00 
 55197.000 20100101000000   joze_a   52.0000   21.0000    10   30.074E+03  217.600E+00   98.110E+03          NaN  267.200E+00  147.003E+00    0.000E+00    0.000E+00    0.000E+00 
